1.540224416336932898e+09
1.540224416380832911e+09
1.540224416414261103e+09
1.540224416458261967e+09
1.540224416502409935e+09
1.540224416542464972e+09
1.540224416590301037e+09
1.540224416650337934e+09
1.540224416701200008e+09
1.540224416749924898e+09
1.540224416797930956e+09
1.540224416849618912e+09
1.540224416896475077e+09
1.540224416937437057e+09
1.540224416985341072e+09
1.540224417038865089e+09
1.540224417077887058e+09
1.540224417118865013e+09
1.540224417169481993e+09
1.540224417220654964e+09
1.540224417269021988e+09
1.540224417309528112e+09
1.540224417361238956e+09
1.540224417414467096e+09
1.540224417452922106e+09
1.540224417497339010e+09
1.540224417541656017e+09
1.540224417586107969e+09
1.540224417621964931e+09
1.540224417669500113e+09
1.540224417717180014e+09
1.540224417770077944e+09
1.540224417817097902e+09
1.540224417860656977e+09
1.540224417904434919e+09
1.540224417953397989e+09
1.540224418000986099e+09
1.540224418041901112e+09
1.540224418083003044e+09
1.540224418128894091e+09
1.540224418172643900e+09
1.540224418217462063e+09
1.540224418261274099e+09
1.540224418314488888e+09
1.540224418360836029e+09
1.540224418401293993e+09
1.540224418445249081e+09
1.540224418494138956e+09
1.540224418541819096e+09
1.540224418577696085e+09
1.540224418614624977e+09
1.540224418651225090e+09
1.540224418697396994e+09
1.540224418737401962e+09
1.540224418776544094e+09
1.540224418817228079e+09
1.540224418866435051e+09
1.540224418917277098e+09
1.540224418960937977e+09
1.540224419001279116e+09
1.540224419046032906e+09
1.540224419090001106e+09
1.540224419130331993e+09
1.540224419168935061e+09
1.540224419204953909e+09
1.540224419249250889e+09
1.540224419293180943e+09
1.540224419328119040e+09
1.540224419369431019e+09
1.540224419416503906e+09
1.540224419469084024e+09
1.540224419509366035e+09
1.540224419545411110e+09
1.540224419586397886e+09
1.540224419630599022e+09
1.540224419671380997e+09
1.540224419704709053e+09
1.540224419740856886e+09
1.540224419781519890e+09
1.540224419821223021e+09
1.540224419857661009e+09
1.540224419893137932e+09
1.540224419927922964e+09
1.540224419969440937e+09
1.540224420017395020e+09
1.540224420057212114e+09
1.540224420096004963e+09
1.540224420135157108e+09
1.540224420179084063e+09
1.540224420218352079e+09
1.540224420252140045e+09
1.540224420288288116e+09
1.540224420325010061e+09
1.540224420365551949e+09
1.540224420400844097e+09
1.540224420441095114e+09
1.540224420483031034e+09
1.540224420525414944e+09
1.540224420570075989e+09
1.540224420604185104e+09
1.540224420636723995e+09
1.540224420675247908e+09
1.540224420717554092e+09
1.540224420754431963e+09
1.540224420787964106e+09
1.540224420820440054e+09
1.540224420854492903e+09
1.540224420898010969e+09
1.540224420930087090e+09
1.540224420960493088e+09
1.540224420994950056e+09
1.540224421037872076e+09
1.540224421088005066e+09
1.540224421125981092e+09
1.540224421158114910e+09
1.540224421190758944e+09
1.540224421230145931e+09
1.540224421267023087e+09
1.540224421305025101e+09
1.540224421341564894e+09
1.540224421376148939e+09
1.540224421409514904e+09
1.540224421453532934e+09
1.540224421493364096e+09
1.540224421528316975e+09
1.540224421558696985e+09
1.540224421599720001e+09
1.540224421637764931e+09
1.540224421677329063e+09
1.540224421716213942e+09
1.540224421745697021e+09
1.540224421781550884e+09
1.540224421815011978e+09
1.540224421857387066e+09
1.540224421893661022e+09
1.540224421930490971e+09
1.540224421961462975e+09
1.540224421996850967e+09
1.540224422029366970e+09
1.540224422065186024e+09
1.540224422103584051e+09
1.540224422138241053e+09
1.540224422167438030e+09
1.540224422204655886e+09
1.540224422236413956e+09
1.540224422269665956e+09
1.540224422313162088e+09
1.540224422344322920e+09
1.540224422381886005e+09
1.540224422419570923e+09
1.540224422455306053e+09
1.540224422497248888e+09
1.540224422531388998e+09
1.540224422568353891e+09
1.540224422605552912e+09
1.540224422642448902e+09
1.540224422685358047e+09
1.540224422715410948e+09
1.540224422753710985e+09
1.540224422789119005e+09
1.540224422831975937e+09
1.540224422868287086e+09
1.540224422906100988e+09
1.540224422945324898e+09
1.540224422982430935e+09
1.540224423018891096e+09
1.540224423045907021e+09
1.540224423084182978e+09
1.540224423113277912e+09
1.540224423140845060e+09
1.540224423179188013e+09
1.540224423218244076e+09
1.540224423253005981e+09
1.540224423295540094e+09
1.540224423336497068e+09
1.540224423373560905e+09
1.540224423413369894e+09
1.540224423452469110e+09
1.540224423492281914e+09
1.540224423528574944e+09
1.540224423566068888e+09
1.540224423602793932e+09
1.540224423639837980e+09
1.540224423677001953e+09
1.540224423711694002e+09
1.540224423741837025e+09
1.540224423782304049e+09
1.540224423821100950e+09
1.540224423858005047e+09
1.540224423901211023e+09
1.540224423936763048e+09
1.540224423975233078e+09
1.540224424011895895e+09
1.540224424051798105e+09
1.540224424093703032e+09
1.540224424133467913e+09
1.540224424169648886e+09
1.540224424208015919e+09
1.540224424245459080e+09
1.540224424286660910e+09
1.540224424324915886e+09
1.540224424363898039e+09
1.540224424401889086e+09
1.540224424434289932e+09
1.540224424472188950e+09
1.540224424509134054e+09
1.540224424546331882e+09
1.540224424585019112e+09
1.540224424621192932e+09
1.540224424661950111e+09
1.540224424704536915e+09
1.540224424733453035e+09
1.540224424772022963e+09
1.540224424811232090e+09
1.540224424845755100e+09
1.540224424877263069e+09
1.540224424919965982e+09
1.540224424954135895e+09
1.540224424993920088e+09
1.540224425030004025e+09
1.540224425061023951e+09
1.540224425103661060e+09
1.540224425135948896e+09
1.540224425173501015e+09
1.540224425208456039e+09
1.540224425245389938e+09
1.540224425287296057e+09
1.540224425328011990e+09
1.540224425369880915e+09
1.540224425405123949e+09
1.540224425441874981e+09
1.540224425478336096e+09
1.540224425520889997e+09
1.540224425562072039e+09
1.540224425591845989e+09
1.540224425629590988e+09
1.540224425661684036e+09
1.540224425703485012e+09
1.540224425743681908e+09
1.540224425782341957e+09
1.540224425820529938e+09
1.540224425858546972e+09
1.540224425903898001e+09
1.540224425935708046e+09
1.540224425967618942e+09
1.540224426002216101e+09
1.540224426037765026e+09
1.540224426074718952e+09
1.540224426105931044e+09
1.540224426135376930e+09
1.540224426171762943e+09
1.540224426208185911e+09
1.540224426240047932e+09
1.540224426276259899e+09
1.540224426315066099e+09
1.540224426348781109e+09
1.540224426387208939e+09
1.540224426416637897e+09
1.540224426449800968e+09
1.540224426487854004e+09
1.540224426520281076e+09
1.540224426557455063e+09
1.540224426586775064e+09
1.540224426619103909e+09
1.540224426656714916e+09
1.540224426699156046e+09
1.540224426737500906e+09
1.540224426773204088e+09
1.540224426815222025e+09
1.540224426866832018e+09
1.540224426909986019e+09
1.540224426963124037e+09
1.540224426998888969e+09
1.540224427048876047e+09
1.540224427097913027e+09
1.540224427127243042e+09
1.540224427175932884e+09
1.540224427224982023e+09
1.540224427269028902e+09
1.540224427313607931e+09
1.540224427354546070e+09
1.540224427403920889e+09
1.540224427448462963e+09
1.540224427487757921e+09
1.540224427532650948e+09
1.540224427579232931e+09
1.540224427623089075e+09
1.540224427670927048e+09
1.540224427716435909e+09
1.540224427754518986e+09
1.540224427797502041e+09
1.540224427849632025e+09
1.540224427895302057e+09
1.540224427929330111e+09
1.540224427982122898e+09
1.540224428015194893e+09
1.540224428059683084e+09
1.540224428099153996e+09
1.540224428135221004e+09
1.540224428178519964e+09
1.540224428231914997e+09
1.540224428273026943e+09
1.540224428314240932e+09
1.540224428368138075e+09
1.540224428408602953e+09
1.540224428451162100e+09
1.540224428506700039e+09
1.540224428552094936e+09
1.540224428592467070e+09
1.540224428635982037e+09
1.540224428693696022e+09
1.540224428734273911e+09
1.540224428775813103e+09
1.540224428814517021e+09
1.540224428872694969e+09
1.540224428912874937e+09
1.540224428957493067e+09
1.540224429002783060e+09
1.540224429040962934e+09
1.540224429074691057e+09
1.540224429123783112e+09
1.540224429168520927e+09
1.540224429201924086e+09
1.540224429254396915e+09
1.540224429308716059e+09
1.540224429340634108e+09
1.540224429390971899e+09
1.540224429435949087e+09
1.540224429474904060e+09
1.540224429519678116e+09
1.540224429565201998e+09
1.540224429602437973e+09
1.540224429655203104e+09
1.540224429708859921e+09
1.540224429750318050e+09
1.540224429794715881e+09
1.540224429836003065e+09
1.540224429876516104e+09
1.540224429930821896e+09
1.540224429973489046e+09
1.540224430014887094e+09
1.540224430055408955e+09
1.540224430093564034e+09
1.540224430132324934e+09
1.540224430171883106e+09
1.540224430215929031e+09
1.540224430261996031e+09
1.540224430305476904e+09
1.540224430347944021e+09
1.540224430400981903e+09
1.540224430440114021e+09
1.540224430487418890e+09
1.540224430524470091e+09
1.540224430577461004e+09
1.540224430616297960e+09
1.540224430664694071e+09
1.540224430704404116e+09
1.540224430750842094e+09
1.540224430795958996e+09
1.540224430836812973e+09
1.540224430893616915e+09
1.540224430935503006e+09
1.540224430978662968e+09
1.540224431023251057e+09
1.540224431060746908e+09
1.540224431098038912e+09
1.540224431138541937e+09
1.540224431183597088e+09
1.540224431219507933e+09
1.540224431273500919e+09
1.540224431321284056e+09
1.540224431361166954e+09
1.540224431414182901e+09
1.540224431461242914e+09
1.540224431508948088e+09
1.540224431549575090e+09
1.540224431593658924e+09
1.540224431637851954e+09
1.540224431684976101e+09
1.540224431727495909e+09
1.540224431773906946e+09
1.540224431813909054e+09
1.540224431861532927e+09
1.540224431909543037e+09
1.540224431958661079e+09
1.540224431993809938e+09
1.540224432042336941e+09
1.540224432087438107e+09
1.540224432112278938e+09
1.540224432165594101e+09
1.540224432211566925e+09
1.540224432256535053e+09
1.540224432299906015e+09
1.540224432345081091e+09
1.540224432390244007e+09
1.540224432426986933e+09
1.540224432475673914e+09
1.540224432524636984e+09
1.540224432566538095e+09
1.540224432608524084e+09
1.540224471088783979e+09
1.540224471114854097e+09
1.540224471143556118e+09
1.540224471182219982e+09
1.540224471225402117e+09
1.540224471266030073e+09
1.540224471301970959e+09
1.540224471345887899e+09
1.540224471401550055e+09
1.540224471454236984e+09
1.540224471497853041e+09
1.540224471543175936e+09
1.540224471586854935e+09
1.540224471631146908e+09
1.540224471669709921e+09
1.540224471709769964e+09
1.540224471754951954e+09
1.540224471797986031e+09
1.540224471838152885e+09
1.540224471882810116e+09
1.540224471930440903e+09
1.540224471982212067e+09
1.540224472026823997e+09
1.540224472067293882e+09
1.540224472114645004e+09
1.540224472165713072e+09
1.540224472202750921e+09
1.540224472237292051e+09
1.540224472273550987e+09
1.540224472317240953e+09
1.540224472357177019e+09
1.540224472398168087e+09
1.540224472442337036e+09
1.540224472489864111e+09
1.540224472538964033e+09
1.540224472582678080e+09
1.540224472623789072e+09
1.540224472663319111e+09
1.540224472710244894e+09
1.540224472745760918e+09
1.540224472781949997e+09
1.540224472813829899e+09
1.540224472849492073e+09
1.540224472889836073e+09
1.540224472930444002e+09
1.540224472974208117e+09
1.540224473013968945e+09
1.540224473059134960e+09
1.540224473106409073e+09
1.540224473147876024e+09
1.540224473182971954e+09
1.540224473230114937e+09
1.540224473274348974e+09
1.540224473309689999e+09
1.540224473341533899e+09
1.540224473373491049e+09
1.540224473409570932e+09
1.540224473446058035e+09
1.540224473485913992e+09
1.540224473522356987e+09
1.540224473558181047e+09
1.540224473607173920e+09
1.540224473655361891e+09
1.540224473698097944e+09
1.540224473733568907e+09
1.540224473769095898e+09
1.540224473809809923e+09
1.540224473845834970e+09
1.540224473882580042e+09
1.540224473913626909e+09
1.540224473946031094e+09
1.540224473982455969e+09
1.540224474017894983e+09
1.540224474053636074e+09
1.540224474086285114e+09
1.540224474122081995e+09
1.540224474171968937e+09
1.540224474215893984e+09
1.540224474258084059e+09
1.540224474293093920e+09
1.540224474323477030e+09
1.540224474363960028e+09
1.540224474403472900e+09
1.540224474443984985e+09
1.540224474476058960e+09
1.540224474507989883e+09
1.540224474543669939e+09
1.540224474579185009e+09
1.540224474612122059e+09
1.540224474643332958e+09
1.540224474675074100e+09
1.540224474715199947e+09
1.540224474759673119e+09
1.540224474804085016e+09
1.540224474843656063e+09
1.540224474884088993e+09
1.540224474915965080e+09
1.540224474955938101e+09
1.540224474990647078e+09
1.540224475022049904e+09
1.540224475052509069e+09
1.540224475084996939e+09
1.540224475123569012e+09
1.540224475160096884e+09
1.540224475192338943e+09
1.540224475221213102e+09
1.540224475255774975e+09
1.540224475305275917e+09
1.540224475340373993e+09
1.540224475378954887e+09
1.540224475410255909e+09
1.540224475455246925e+09
1.540224475497323990e+09
1.540224475529582977e+09
1.540224475562478065e+09
1.540224475586783886e+09
1.540224475617641926e+09
1.540224475655178070e+09
1.540224475687401056e+09
1.540224475715384007e+09
1.540224475751121998e+09
1.540224475785320044e+09
1.540224475827740908e+09
1.540224475867652893e+09
1.540224475919437885e+09
1.540224475949513912e+09
1.540224475983648062e+09
1.540224476015300989e+09
1.540224476054507971e+09
1.540224476095345974e+09
1.540224476134011984e+09
1.540224476170985937e+09
1.540224476212352991e+09
1.540224476251688004e+09
1.540224476298671961e+09
1.540224476330382109e+09
1.540224476368750095e+09
1.540224476407130003e+09
1.540224476456911087e+09
1.540224476503797054e+09
1.540224476545454979e+09
1.540224476587564945e+09
1.540224476631925106e+09
1.540224476673300982e+09
1.540224476717576027e+09
1.540224476757622004e+09
1.540224476810220957e+09
1.540224476860810041e+09
1.540224476904789925e+09
1.540224476949135065e+09
1.540224476991914034e+09
1.540224477030009985e+09
1.540224477082753897e+09
1.540224477118381023e+09
1.540224477153404951e+09
1.540224477200660944e+09
1.540224477243693113e+09
1.540224477286564112e+09
1.540224477335679054e+09
1.540224477386421919e+09
1.540224477427809954e+09
1.540224477474123955e+09
1.540224477518842936e+09
1.540224477565099001e+09
1.540224477606328011e+09
1.540224477655194998e+09
1.540224477706851006e+09
1.540224477735544920e+09
1.540224477788527966e+09
1.540224477825572968e+09
1.540224477874629021e+09
1.540224477915606976e+09
1.540224477961102009e+09
1.540224478003216028e+09
1.540224478045346975e+09
1.540224478074326992e+09
1.540224478123436928e+09
1.540224478165888071e+09
1.540224478217689037e+09
1.540224478264833927e+09
1.540224478306405067e+09
1.540224478349958897e+09
1.540224478392851114e+09
1.540224478438769102e+09
1.540224478479423046e+09
1.540224478527162075e+09
1.540224478573415041e+09
1.540224478617507935e+09
1.540224478661284924e+09
1.540224478706377983e+09
1.540224478748200893e+09
1.540224478792100906e+09
1.540224478846507072e+09
1.540224478893984079e+09
1.540224478928453922e+09
1.540224478975744009e+09
1.540224479020612001e+09
1.540224479064416885e+09
1.540224479105122089e+09
1.540224479146748066e+09
1.540224479184484959e+09
1.540224479235894918e+09
1.540224479285917044e+09
1.540224479322447062e+09
1.540224479367218018e+09
1.540224479416915894e+09
1.540224479452150106e+09
1.540224479507736921e+09
1.540224479551549911e+09
1.540224479597618103e+09
1.540224479640342951e+09
1.540224479686849117e+09
1.540224479724793911e+09
1.540224479772195101e+09
1.540224479816250086e+09
1.540224479859297991e+09
1.540224479915361881e+09
1.540224479957598925e+09
1.540224479998981953e+09
1.540224480047122955e+09
1.540224480076046944e+09
1.540224480115596056e+09
1.540224480161854029e+09
1.540224480201756001e+09
1.540224480254086971e+09
1.540224480300076008e+09
1.540224480338062048e+09
1.540224480381067038e+09
1.540224480427491903e+09
1.540224480463274002e+09
1.540224480512042046e+09
1.540224480556437969e+09
1.540224480600681067e+09
1.540224480638237953e+09
1.540224480694958925e+09
1.540224480735121965e+09
1.540224480777920961e+09
1.540224480819788933e+09
1.540224480864044905e+09
1.540224480906686068e+09
1.540224480961163998e+09
1.540224481001523972e+09
1.540224481046183109e+09
1.540224481083703995e+09
1.540224481110635996e+09
1.540224481151729107e+09
1.540224481201788902e+09
1.540224481240401983e+09
1.540224481296394110e+09
1.540224481332982063e+09
1.540224481376720905e+09
1.540224481419718027e+09
1.540224481462971926e+09
1.540224481509433985e+09
1.540224481552882910e+09
1.540224481598443031e+09
1.540224481645528078e+09
1.540224481699044943e+09
1.540224481739562988e+09
1.540224481776263952e+09
1.540224481825695992e+09
1.540224481870726109e+09
1.540224481917242050e+09
1.540224481956728935e+09
1.540224482004348040e+09
1.540224482048943996e+09
1.540224482089298964e+09
1.540224482121990919e+09
1.540224482165683031e+09
1.540224482213830948e+09
1.540224482261084080e+09
1.540224482309932947e+09
1.540224482348480940e+09
1.540224482381548882e+09
1.540224482435707092e+09
1.540224482471893072e+09
1.540224482511368036e+09
1.540224482563029051e+09
1.540224482613208055e+09
1.540224482657100916e+09
1.540224482703088999e+09
1.540224482753528118e+09
1.540224482794204950e+09
1.540224482831796885e+09
1.540224482879400969e+09
1.540224482920460939e+09
1.540224482966468096e+09
1.540224483019040108e+09
1.540224483052841902e+09
1.540224483086890936e+09
1.540224483119853020e+09
1.540224483172322035e+09
1.540224483211503983e+09
1.540224483260823965e+09
1.540224483306951046e+09
1.540224483342657089e+09
1.540224483396985054e+09
1.540224483433223009e+09
1.540224483478473902e+09
1.540224483519084930e+09
1.540224483565381050e+09
1.540224483610759974e+09
1.540224483654580116e+09
1.540224483709180117e+09
1.540224483745156050e+09
1.540224483789714098e+09
1.540224483831336975e+09
1.540224483875760078e+09
1.540224483920044899e+09
1.540224483972044945e+09
1.540224484019100904e+09
1.540224484056931019e+09
1.540224484083988905e+09
1.540224484130902052e+09
1.540224484177781105e+09
1.540224484222790003e+09
1.540224484255311966e+09
1.540224484306860924e+09
1.540224484354130983e+09
1.540224484392324924e+09
1.540224484441888094e+09
1.540224484487929106e+09
1.540224484525898933e+09
1.540224484571822882e+09
1.540224484616301060e+09
1.540224484668541908e+09
1.540224484709836006e+09
1.540224484755054951e+09
1.540224484803905010e+09
1.540224484848391056e+09
1.540224484897661924e+09
1.540224484928111076e+09
1.540224484982795000e+09
1.540224485019165993e+09
1.540224485065378904e+09
1.540224485105001926e+09
1.540224485139790058e+09
1.540224485189517021e+09
1.540224485230113029e+09
1.540224485277373075e+09
1.540224485310076952e+09
1.540224485363343000e+09
1.540224485409843922e+09
1.540224485450972080e+09
1.540224485501264095e+09
1.540224485536243916e+09
1.540224485587544918e+09
1.540224485630973101e+09
1.540224485685345888e+09
1.540224485712234974e+09
1.540224485753910065e+09
1.540224485806444883e+09
1.540224485849158049e+09
1.540224485900990963e+09
1.540224485944674015e+09
1.540224485986991882e+09
1.540224486036896944e+09
1.540224486075205088e+09
1.540224486105591059e+09
1.540224486145308971e+09
1.540224486195154905e+09
1.540224486240051031e+09
1.540224486277642012e+09
1.540224486319842100e+09
1.540224486376790047e+09
1.540224486411853075e+09
1.540224486457103968e+09
1.540224486508095980e+09
1.540224486550966978e+09
1.540224486590177059e+09
1.540224486639574051e+09
1.540224486690599918e+09
1.540224486726969004e+09
1.540224486778664112e+09
1.540224486830894947e+09
1.540224486864742994e+09
1.540224486914510965e+09
1.540224486956978083e+09
1.540224487012731075e+09
1.540224487049793959e+09
1.540224487078368902e+09
1.540224487122091055e+09
1.540224487171050072e+09
1.540224487213361025e+09
1.540224487252485991e+09
1.540224487307420969e+09
1.540224487352052927e+09
1.540224487397217035e+09
1.540224487436697006e+09
1.540224487489603043e+09
1.540224487532546043e+09
1.540224487590468884e+09
1.540224487630048990e+09
1.540224487678994894e+09
1.540224487723543882e+09
1.540224487767569065e+09
1.540224487815300941e+09
1.540224487855535030e+09
1.540224487903582096e+09
1.540224487944920063e+09
1.540224558289967060e+09
1.540224558571794987e+09
1.540224558865371943e+09
1.540224559150134087e+09
1.540224559437999964e+09
1.540224559714917898e+09
1.540224559994458914e+09
1.540224560274708986e+09
1.540224560555716038e+09
1.540224560830507040e+09
1.540224561104257107e+09
1.540224561376518965e+09
1.540224561650419950e+09
1.540224561922161102e+09
1.540224562188105106e+09
1.540224562453249931e+09
1.540224562709669113e+09
1.540224562964940071e+09
1.540224563225500107e+09
1.540224563473789930e+09
1.540224563720580101e+09
1.540224563969192982e+09
1.540224564222666025e+09
1.540224564475234032e+09
1.540224564722325087e+09
1.540224564957346916e+09
1.540224565192485094e+09
1.540224565428730011e+09
1.540224565671518087e+09
1.540224565900015116e+09
1.540224566132385969e+09
1.540224566345619917e+09
1.540224566566982985e+09
1.540224566794785023e+09
1.540224567011123896e+09
1.540224567220205069e+09
1.540224567426409960e+09
1.540224567640185118e+09
1.540224567828607082e+09
1.540224567977787018e+09
1.540224568064678907e+09
1.540224568153068066e+09
1.540224568224498987e+09
1.540224568283288956e+09
1.540224568344497919e+09
1.540224568384217024e+09
1.540224568423264980e+09
1.540224568450876951e+09
1.540224568483697891e+09
1.540224568511779070e+09
1.540224568540051937e+09
1.540224568568221092e+09
1.540224568596826077e+09
1.540224568628781080e+09
1.540224568657315016e+09
1.540224568687419891e+09
1.540224568715482950e+09
1.540224568912015915e+09
1.540224569004880905e+09
1.540224569047408104e+09
1.540224569076263905e+09
1.540224569108438015e+09
1.540224569136461973e+09
1.540224569165924072e+09
1.540224569191373110e+09
1.540224569222944021e+09
1.540224569252317905e+09
1.540224569275567055e+09
1.540224569308063984e+09
1.540224569332118034e+09
1.540224569363225937e+09
1.540224569395764112e+09
1.540224569423203945e+09
1.540224569447421074e+09
1.540224569475075006e+09
1.540224569504146099e+09
1.540224569531588078e+09
1.540224569562882900e+09
1.540224569588968992e+09
1.540224569617131948e+09
1.540224569646662951e+09
1.540224569672905922e+09
1.540224569706759930e+09
1.540224569731338024e+09
1.540224569756810904e+09
1.540224569783895016e+09
1.540224569811975956e+09
1.540224569838886023e+09
1.540224569861016035e+09
1.540224569887319088e+09
1.540224569914319992e+09
1.540224569940876007e+09
1.540224569971137047e+09
1.540224569997530937e+09
1.540224570024811983e+09
1.540224570047966003e+09
1.540224570070123911e+09
1.540224570099109888e+09
1.540224570126502037e+09
1.540224570152390957e+09
1.540224570186633110e+09
1.540224570217685938e+09
1.540224570243906021e+09
1.540224570271135092e+09
1.540224570302046061e+09
1.540224570334837914e+09
1.540224570362281084e+09
1.540224570388353109e+09
1.540224570412801027e+09
1.540224570442040920e+09
1.540224570470170021e+09
1.540224570500998020e+09
1.540224570529757023e+09
1.540224570557089090e+09
1.540224570586601973e+09
1.540224570617512941e+09
1.540224570640199900e+09
1.540224570663914919e+09
1.540224570700488091e+09
1.540224570730155945e+09
1.540224570762780905e+09
1.540224570787447929e+09
1.540224570820384979e+09
1.540224570856483936e+09
1.540224570892678976e+09
1.540224570923778057e+09
1.540224570961225986e+09
1.540224570990151882e+09
1.540224571019578934e+09
1.540224571047096968e+09
1.540224571078730106e+09
1.540224571108896017e+09
1.540224571133924961e+09
1.540224571160079002e+09
1.540224571183626890e+09
1.540224571212508917e+09
1.540224571242814064e+09
1.540224571270426035e+09
1.540224571305048943e+09
1.540224571336625099e+09
1.540224571370121002e+09
1.540224571406332970e+09
1.540224571438469887e+09
1.540224571472309113e+09
1.540224571508949995e+09
1.540224571544542074e+09
1.540224571578469992e+09
1.540224571614404917e+09
1.540224571653256893e+09
1.540224571696589947e+09
1.540224571732991934e+09
1.540224571773472071e+09
1.540224571809516907e+09
1.540224571859761953e+09
1.540224571906522036e+09
1.540224571940058947e+09
1.540224571987003088e+09
1.540224572036139965e+09
1.540224572070323944e+09
1.540224572105592966e+09
1.540224572150162935e+09
1.540224572196438074e+09
1.540224572239712954e+09
1.540224572276369095e+09
1.540224572329127073e+09
1.540224572368333101e+09
1.540224572409714937e+09
1.540224572452140093e+09
1.540224572509021997e+09
1.540224572551239967e+09
1.540224572590017080e+09
1.540224572644156933e+09
1.540224572685395956e+09
1.540224572727143049e+09
1.540224572774641037e+09
1.540224572818276882e+09
1.540224572864974976e+09
1.540224572910542011e+09
1.540224572953318119e+09
1.540224572995234013e+09
1.540224573041994095e+09
1.540224573075931072e+09
1.540224573109379053e+09
1.540224573159116983e+09
1.540224573203038931e+09
1.540224573249149084e+09
1.540224573304109097e+09
1.540224573343430042e+09
1.540224573385299921e+09
1.540224573429271936e+09
1.540224573470084906e+09
1.540224573506436110e+09
1.540224573559885025e+09
1.540224573613149881e+09
1.540224573655278921e+09
1.540224573708988905e+09
1.540224573749113083e+09
1.540224573790360928e+09
1.540224573833578110e+09
1.540224573871125937e+09
1.540224573919361115e+09
1.540224573963223934e+09
1.540224574012674093e+09
1.540224574041840076e+09
1.540224574078108072e+09
1.540224574112962008e+09
1.540224574165301085e+09
1.540224574210825920e+09
1.540224574245275021e+09
1.540224574300766945e+09
1.540224574342701912e+09
1.540224574390969992e+09
1.540224574430280924e+09
1.540224574476651907e+09
1.540224574521617889e+09
1.540224574567318916e+09
1.540224574614317894e+09
1.540224574652873993e+09
1.540224574711189985e+09
1.540224574741950035e+09
1.540224574790751934e+09
1.540224574838366032e+09
1.540224574887217999e+09
1.540224574922987938e+09
1.540224574972361088e+09
1.540224575016350031e+09
1.540224575051628113e+09
1.540224575091094017e+09
1.540224575124969959e+09
1.540224575171540022e+09
1.540224575218261003e+09
1.540224575263611078e+09
1.540224575316982985e+09
1.540224575356177092e+09
1.540224575397989035e+09
1.540224575441556931e+09
1.540224575496716976e+09
1.540224575527036905e+09
1.540224575578984976e+09
1.540224575621891975e+09
1.540224575666358948e+09
1.540224575714518070e+09
1.540224575752013922e+09
1.540224575807820082e+09
1.540224575841018915e+09
1.540224575901607990e+09
1.540224575938396931e+09
1.540224575988732100e+09
1.540224576032054901e+09
1.540224576084887981e+09
1.540224576114434004e+09
1.540224576165817976e+09
1.540224576212973118e+09
1.540224576254163027e+09
1.540224576309577942e+09
1.540224576348501921e+09
1.540224576391248941e+09
1.540224576434946060e+09
1.540224576476095915e+09
1.540224576532332897e+09
1.540224576573127985e+09
1.540224576614658117e+09
1.540224576662735939e+09
1.540224576707328081e+09
1.540224576752101898e+09
1.540224576798594952e+09
1.540224576842978001e+09
1.540224576886235952e+09
1.540224576928555965e+09
1.540224576978698015e+09
1.540224577021326065e+09
1.540224577063007116e+09
1.540224577099961996e+09
1.540224577137880087e+09
1.540224577187500954e+09
1.540224577234447956e+09
1.540224577273583889e+09
1.540224577308808088e+09
1.540224577367387056e+09
1.540224577412861109e+09
1.540224577455998898e+09
1.540224577504645109e+09
1.540224577550823927e+09
1.540224577596787930e+09
1.540224577631782055e+09
1.540224577682522058e+09
1.540224577730721951e+09
1.540224577770648956e+09
1.540224577813683987e+09
1.540224577868247032e+09
1.540224577906702042e+09
1.540224577948210001e+09
1.540224577995528936e+09
1.540224578035393953e+09
1.540224578063071966e+09
1.540224578100167036e+09
1.540224578134387016e+09
1.540224578186095953e+09
1.540224578224724054e+09
1.540224578271239996e+09
1.540224578318367004e+09
1.540224578368135929e+09
1.540224578409713984e+09
1.540224578456245899e+09
1.540224578501025915e+09
1.540224578535937071e+09
1.540224578587842941e+09
1.540224578630388021e+09
1.540224578669493914e+09
1.540224578714617968e+09
1.540224578767580032e+09
1.540224578812017918e+09
1.540224578856359959e+09
1.540224578906528950e+09
1.540224578943376064e+09
1.540224578988152027e+09
1.540224579033879042e+09
1.540224579070610046e+09
1.540224579109302998e+09
1.540224579143800974e+09
1.540224579191682100e+09
1.540224579236188889e+09
1.540224579277324915e+09
1.540224579327073097e+09
1.540224579377051115e+09
1.540224579422164917e+09
1.540224579459989071e+09
1.540224579505712032e+09
1.540224579550066948e+09
1.540224579587835073e+09
1.540224579639313936e+09
1.540224579682249069e+09
1.540224579726998091e+09
1.540224579773097992e+09
1.540224579806885004e+09
1.540224579859294891e+09
1.540224579908314943e+09
1.540224579945704937e+09
1.540224579992158890e+09
1.540224580037606001e+09
1.540224580074872971e+09
1.540224580107230902e+09
1.540224580158663988e+09
1.540224580195225954e+09
1.540224580230329037e+09
1.540224580279192924e+09
1.540224580328644037e+09
1.540224580370188951e+09
1.540224580414885998e+09
1.540224580459213018e+09
1.540224580507467985e+09
1.540224580548151016e+09
1.540224580587129116e+09
1.540224580636570930e+09
1.540224580672945976e+09
1.540224580713026047e+09
1.540224580769597054e+09
1.540224580803467035e+09
1.540224580855098009e+09
1.540224580906497002e+09
1.540224580950964928e+09
1.540224580999293089e+09
1.540224581036992073e+09
1.540224581064573050e+09
1.540224581102505922e+09
1.540224581134042978e+09
1.540224581184202909e+09
1.540224581223299026e+09
1.540224581272443056e+09
1.540224581311435938e+09
1.540224581358135939e+09
1.540224581399070024e+09
1.540224581444308996e+09
1.540224581502923965e+09
1.540224581539921045e+09
1.540224581581433058e+09
1.540224581622533083e+09
1.540224581667959929e+09
1.540224581718617916e+09
1.540224581762522936e+09
1.540224581813883066e+09
1.540224581856448889e+09
1.540224581902410030e+09
1.540224581942377090e+09
1.540224581989774942e+09
1.540224582027570963e+09
1.540224582069859028e+09
1.540224582102884054e+09
1.540224582152343988e+09
1.540224582182380915e+09
1.540224582233508110e+09
1.540224582284640074e+09
1.540224582318249941e+09
1.540224582369106054e+09
1.540224582408653021e+09
1.540224582456366062e+09
1.540224582502993107e+09
1.540224582546219110e+09
1.540224582594605923e+09
1.540224582637696028e+09
1.540224634078321934e+09
1.540224634306966066e+09
1.540224634551301956e+09
1.540224634787131071e+09
1.540224635025018930e+09
1.540224635250448942e+09
1.540224635476130009e+09
1.540224635702229977e+09
1.540224635935293913e+09
1.540224636165081024e+09
1.540224636388200045e+09
1.540224636612329006e+09
1.540224636850433111e+09
1.540224637065713882e+09
1.540224637278753042e+09
1.540224637497416019e+09
1.540224637726435900e+09
1.540224637948899031e+09
1.540224638155780077e+09
1.540224638382669926e+09
1.540224638588280916e+09
1.540224638801990032e+09
1.540224639017673969e+09
1.540224639218569040e+09
1.540224639424263000e+09
1.540224639631328106e+09
1.540224639826670885e+09
1.540224640025701046e+09
1.540224640208621025e+09
1.540224640408885002e+09
1.540224640600261927e+09
1.540224640795022964e+09
1.540224640980858088e+09
1.540224641174719095e+09
1.540224641360173941e+09
1.540224641547924042e+09
1.540224641723413944e+09
1.540224641909989119e+09
1.540224642076914072e+09
1.540224642257514000e+09
1.540224642429986954e+09
1.540224642606487036e+09
1.540224642780086994e+09
1.540224642951792955e+09
1.540224643113245010e+09
1.540224643272144079e+09
1.540224643434082985e+09
1.540224643584305048e+09
1.540224643730917931e+09
1.540224643876365900e+09
1.540224644026443958e+09
1.540224644169488907e+09
1.540224644302942991e+09
1.540224644435064077e+09
1.540224644573894978e+09
1.540224644702817917e+09
1.540224644826334000e+09
1.540224644958519936e+09
1.540224645078605890e+09
1.540224645189589024e+09
1.540224645312238932e+09
1.540224645425074100e+09
1.540224645528456926e+09
1.540224645644838095e+09
1.540224645743594885e+09
1.540224645848843098e+09
1.540224645943077087e+09
1.540224646045605898e+09
1.540224646133733988e+09
1.540224646218446016e+09
1.540224646304878950e+09
1.540224646382414103e+09
1.540224646464947939e+09
1.540224646546159029e+09
1.540224646611010075e+09
1.540224646690083027e+09
1.540224646761185884e+09
1.540224646808826923e+09
1.540224646862163067e+09
1.540224646916723967e+09
1.540224646952393055e+09
1.540224646987968922e+09
1.540224647026107073e+09
1.540224647052447081e+09
1.540224647082704067e+09
1.540224647110624075e+09
1.540224647136089087e+09
1.540224647168301105e+09
1.540224647196228027e+09
1.540224647218626022e+09
1.540224647244234085e+09
1.540224647273989916e+09
1.540224647301995993e+09
1.540224647333177090e+09
1.540224647362081051e+09
1.540224647385554075e+09
1.540224647412565947e+09
1.540224647441533089e+09
1.540224647464359045e+09
1.540224647490561962e+09
1.540224647516263008e+09
1.540224647548824072e+09
1.540224647580003977e+09
1.540224647600591898e+09
1.540224647630868912e+09
1.540224647660989046e+09
1.540224647697649002e+09
1.540224647717282057e+09
1.540224647739094019e+09
1.540224647760869980e+09
1.540224647789382935e+09
1.540224648003402948e+09
1.540224648173773050e+09
1.540224648323085070e+09
1.540224648378175020e+09
1.540224648425333023e+09
1.540224648456927061e+09
1.540224648490488052e+09
1.540224648521245956e+09
1.540224648551120043e+09
1.540224648579617023e+09
1.540224648613440037e+09
1.540224648642584085e+09
1.540224648665749073e+09
1.540224648695835114e+09
1.540224648725197077e+09
1.540224648757622957e+09
1.540224648789432049e+09
1.540224648819992065e+09
1.540224648847237110e+09
1.540224648872983932e+09
1.540224648899102926e+09
1.540224648921236992e+09
1.540224648950937033e+09
1.540224648972496986e+09
1.540224649002454042e+09
1.540224649028790951e+09
1.540224649057554007e+09
1.540224649095593929e+09
1.540224649128355980e+09
1.540224649169593096e+09
1.540224649217772961e+09
1.540224649262763977e+09
1.540224649316626072e+09
1.540224649354938984e+09
1.540224649402901888e+09
1.540224649449107885e+09
1.540224649497242928e+09
1.540224649540632963e+09
1.540224649585613012e+09
1.540224649622109890e+09
1.540224649676506042e+09
1.540224649717619896e+09
1.540224649761374950e+09
1.540224649805943012e+09
1.540224649851939917e+09
1.540224649901799917e+09
1.540224649940591097e+09
1.540224649989614964e+09
1.540224650031572104e+09
1.540224650076056004e+09
1.540224650107887030e+09
1.540224650156249046e+09
1.540224650196062088e+09
1.540224650244505882e+09
1.540224650286407948e+09
1.540224650329313040e+09
1.540224650372368097e+09
1.540224650417889118e+09
1.540224650458957911e+09
1.540224650504623890e+09
1.540224650556181908e+09
1.540224650595962048e+09
1.540224650637095928e+09
1.540224650688188076e+09
1.540224650726299047e+09
1.540224650776309013e+09
1.540224650817989111e+09
1.540224650857805967e+09
1.540224650906075954e+09
1.540224650942653894e+09
1.540224650989667892e+09
1.540224651032111883e+09
1.540224651076663971e+09
1.540224651107651949e+09
1.540224651148843050e+09
1.540224651193762064e+09
1.540224651242404938e+09
1.540224651299793005e+09
1.540224651336195946e+09
1.540224651381918907e+09
1.540224651426357031e+09
1.540224651471371889e+09
1.540224651511464119e+09
1.540224651559379101e+09
1.540224651607640982e+09
1.540224651652445078e+09
1.540224651700304031e+09
1.540224651739006042e+09
1.540224651786742926e+09
1.540224651827615976e+09
1.540224651870589018e+09
1.540224651914537907e+09
1.540224651967794895e+09
1.540224652014899969e+09
1.540224652058532953e+09
1.540224652095351934e+09
1.540224652133521080e+09
1.540224652182559013e+09
1.540224652223166943e+09
1.540224652270899057e+09
1.540224652310214043e+09
1.540224652359955072e+09
1.540224652408519983e+09
1.540224652439748049e+09
1.540224652496454954e+09
1.540224652531094074e+09
1.540224652581403017e+09
1.540224652624691963e+09
1.540224652666207075e+09
1.540224652707238913e+09
1.540224652749758959e+09
1.540224652800822020e+09
1.540224652846863031e+09
1.540224652898351908e+09
1.540224652937433004e+09
1.540224652984265089e+09
1.540224653029812098e+09
1.540224653068063021e+09
1.540224653102432966e+09
1.540224653139272928e+09
1.540224653184806108e+09
1.540224653237010956e+09
1.540224653276374102e+09
1.540224653319700956e+09
1.540224653367803097e+09
1.540224653410478115e+09
1.540224653459382057e+09
1.540224653505584955e+09
1.540224653541649103e+09
1.540224653586508989e+09
1.540224653632571936e+09
1.540224653672446966e+09
1.540224653718352079e+09
1.540224653762236118e+09
1.540224653808963060e+09
1.540224653851095915e+09
1.540224653902693033e+09
1.540224653942843914e+09
1.540224653980647087e+09
1.540224654029401064e+09
1.540224654074188948e+09
1.540224654099176884e+09
1.540224654152555943e+09
1.540224654198327065e+09
1.540224654242969036e+09
1.540224654287079096e+09
1.540224654333436966e+09
1.540224654378787041e+09
1.540224654420500994e+09
1.540224654455931902e+09
1.540224654506392956e+09
1.540224654552473068e+09
1.540224654592041969e+09
1.540224654637132883e+09
1.540224654676335096e+09
1.540224654729100943e+09
1.540224654766724110e+09
1.540224654816874027e+09
1.540224654849035978e+09
1.540224654903467894e+09
1.540224654949460983e+09
1.540224654982039928e+09
1.540224655034200907e+09
1.540224655083753109e+09
1.540224655114543915e+09
1.540224655153693914e+09
1.540224655192735910e+09
1.540224655240464926e+09
1.540224655289359093e+09
1.540224655327357054e+09
1.540224655374200106e+09
1.540224655419081926e+09
1.540224655467005968e+09
1.540224655507991076e+09
1.540224655555388927e+09
1.540224655600980043e+09
1.540224655641463041e+09
1.540224655686167955e+09
1.540224655723999977e+09
1.540224655772003889e+09
1.540224655812752008e+09
1.540224655857547045e+09
1.540224655911811113e+09
1.540224655955707073e+09
1.540224655996303082e+09
1.540224656036834955e+09
1.540224656058801889e+09
1.540224656098551035e+09
1.540224656134006023e+09
1.540224656183496952e+09
1.540224656224386930e+09
1.540224656270766020e+09
1.540224656317708969e+09
1.540224656364825964e+09
1.540224656409862041e+09
1.540224656444233894e+09
1.540224656496278048e+09
1.540224656533274889e+09
1.540224656583692074e+09
1.540224656623790979e+09
1.540224656671917915e+09
1.540224656712771893e+09
1.540224656759430885e+09
1.540224656797709942e+09
1.540224656845957994e+09
1.540224656896905899e+09
1.540224656933852911e+09
1.540224656976809978e+09
1.540224657012758970e+09
1.540224657063884020e+09
1.540224657101661921e+09
1.540224657140881062e+09
1.540224657182584047e+09
1.540224657225652933e+09
1.540224657276457071e+09
1.540224657310642004e+09
1.540224657361891031e+09
1.540224657406822920e+09
1.540224657453479052e+09
1.540224657498035908e+09
1.540224657538106918e+09
1.540224657584389925e+09
1.540224657627418995e+09
1.540224657671813965e+09
1.540224657717534065e+09
1.540224657757539034e+09
1.540224657798233032e+09
1.540224657851068974e+09
1.540224657898936987e+09
1.540224657940908909e+09
1.540224657981107950e+09
1.540224658031950951e+09
1.540224658072859049e+09
1.540224658111177921e+09
1.540224658146740913e+09
1.540224658199357033e+09
1.540224658235940933e+09
1.540224658285593987e+09
1.540224658325041056e+09
1.540224658370204926e+09
1.540224658416182041e+09
1.540224658458813906e+09
1.540224658504553080e+09
1.540224658539350986e+09
1.540224658581876993e+09
1.540224658634470940e+09
1.540224658674272060e+09
1.540224658714987993e+09
1.540224658761148930e+09
1.540224658810230017e+09
1.540224658851438046e+09
1.540224658898766041e+09
1.540224658940572977e+09
1.540224658987610102e+09
1.540224659031053066e+09
1.540224659085002899e+09
1.540224659113821983e+09
1.540224659166292906e+09
1.540224659206254959e+09
1.540224659252120018e+09
1.540224659303128958e+09
1.540224659340039968e+09
1.540224659384020090e+09
1.540224659419508934e+09
1.540224659473747969e+09
1.540224659510675907e+09
1.540224659562505960e+09
1.540224659608197927e+09
1.540224659649641037e+09
1.540224659706162930e+09
1.540224659742532015e+09
1.540224659788311958e+09
1.540224659833152056e+09
1.540224659868185997e+09
1.540224659910232067e+09
1.540224659956262112e+09
1.540224660008420944e+09
1.540224660053517103e+09
1.540224660087138891e+09
1.540224660125193119e+09
1.540224660177428007e+09
1.540224660217382908e+09
1.540224660261018991e+09
1.540224660307038069e+09
1.540224660353180885e+09
1.540224660392538071e+09
1.540224660444143057e+09
1.540224660490806103e+09
1.540224660528439045e+09
1.540224730092528105e+09
1.540224730225686073e+09
1.540224730369307995e+09
1.540224730504441977e+09
1.540224730650181055e+09
1.540224730801702976e+09
1.540224730935642958e+09
1.540224731071118116e+09
1.540224731214067936e+09
1.540224731357848883e+09
1.540224731491378069e+09
1.540224731631751060e+09
1.540224731766357899e+09
1.540224731903729916e+09
1.540224732044049978e+09
1.540224732183784008e+09
1.540224732315859079e+09
1.540224732461584091e+09
1.540224732602852106e+09
1.540224732735197067e+09
1.540224732875132084e+09
1.540224733013597965e+09
1.540224733138570070e+09
1.540224733267930031e+09
1.540224733404165983e+09
1.540224733533479929e+09
1.540224733651582956e+09
1.540224733784583092e+09
1.540224733922943115e+09
1.540224734052234888e+09
1.540224734181807041e+09
1.540224734320262909e+09
1.540224734451260090e+09
1.540224734573265076e+09
1.540224734708149910e+09
1.540224734837765932e+09
1.540224734962877035e+09
1.540224735089592934e+09
1.540224735224783897e+09
1.540224735340672970e+09
1.540224735453953028e+09
1.540224735578782082e+09
1.540224735704708099e+09
1.540224735820008039e+09
1.540224735928917885e+09
1.540224736052125931e+09
1.540224736167623043e+09
1.540224736288558006e+09
1.540224736389977932e+09
1.540224736501744986e+09
1.540224736616291046e+09
1.540224736724572897e+09
1.540224736831371069e+09
1.540224736932117939e+09
1.540224737047269106e+09
1.540224737152972937e+09
1.540224737252759933e+09
1.540224737347934008e+09
1.540224737447663069e+09
1.540224737553348064e+09
1.540224737651303053e+09
1.540224737749248981e+09
1.540224737846240044e+09
1.540224737939893961e+09
1.540224738042887926e+09
1.540224738139169931e+09
1.540224738227261066e+09
1.540224738311403036e+09
1.540224738395353079e+09
1.540224738491789103e+09
1.540224738587928057e+09
1.540224738670690060e+09
1.540224738756479979e+09
1.540224738841114044e+09
1.540224738916780949e+09
1.540224739003719091e+09
1.540224739091479063e+09
1.540224739171237946e+09
1.540224739249574900e+09
1.540224739320997953e+09
1.540224739402431011e+09
1.540224739484086990e+09
1.540224739562971115e+09
1.540224739652280092e+09
1.540224739720748901e+09
1.540224739790919065e+09
1.540224739871339083e+09
1.540224739948164940e+09
1.540224740023361921e+09
1.540224740103513956e+09
1.540224740180335999e+09
1.540224740251154900e+09
1.540224740321316004e+09
1.540224740387633085e+09
1.540224740455935955e+09
1.540224740535633087e+09
1.540224740621125937e+09
1.540224740680948019e+09
1.540224740751431942e+09
1.540224740824574947e+09
1.540224740883738041e+09
1.540224740944972038e+09
1.540224741007846117e+09
1.540224741081484079e+09
1.540224741144710064e+09
1.540224741211587906e+09
1.540224741272209883e+09
1.540224741343497038e+09
1.540224741405549049e+09
1.540224741464217901e+09
1.540224741523497105e+09
1.540224741587099075e+09
1.540224741648303986e+09
1.540224741707823992e+09
1.540224741768909931e+09
1.540224741831793070e+09
1.540224741883932114e+09
1.540224741936873913e+09
1.540224741988437891e+09
1.540224742050874949e+09
1.540224742112278938e+09
1.540224742167788029e+09
1.540224742224541903e+09
1.540224742284789085e+09
1.540224742335325003e+09
1.540224742383986950e+09
1.540224742433197021e+09
1.540224742485743046e+09
1.540224742540529966e+09
1.540224742590739012e+09
1.540224742639545918e+09
1.540224742687531948e+09
1.540224742740283012e+09
1.540224742794523001e+09
1.540224742844068050e+09
1.540224742888778925e+09
1.540224742931694031e+09
1.540224742982022047e+09
1.540224743031326056e+09
1.540224743075104952e+09
1.540224743119168997e+09
1.540224743159329891e+09
1.540224743203592062e+09
1.540224743250741005e+09
1.540224743299336910e+09
1.540224743343609095e+09
1.540224743385263920e+09
1.540224743425055981e+09
1.540224743469321966e+09
1.540224743520385981e+09
1.540224743558480978e+09
1.540224743602870941e+09
1.540224743639600039e+09
1.540224743676423073e+09
1.540224743725716114e+09
1.540224743771174908e+09
1.540224743816315889e+09
1.540224743869584084e+09
1.540224743908886909e+09
1.540224743965348959e+09
1.540224744009615898e+09
1.540224744048536062e+09
1.540224744090632915e+09
1.540224744129443884e+09
1.540224744174316883e+09
1.540224744215326071e+09
1.540224744262070894e+09
1.540224744309693098e+09
1.540224744349813938e+09
1.540224744394961119e+09
1.540224744431879997e+09
1.540224744485862970e+09
1.540224744526751995e+09
1.540224744571187973e+09
1.540224744605271101e+09
1.540224744653990984e+09
1.540224744704814911e+09
1.540224744741786003e+09
1.540224744793775082e+09
1.540224744843242884e+09
1.540224744886794090e+09
1.540224744926975012e+09
1.540224744968966007e+09
1.540224745015510082e+09
1.540224745055488110e+09
1.540224745093282938e+09
1.540224745130382061e+09
1.540224745173878908e+09
1.540224745219151020e+09
1.540224745262857914e+09
1.540224745308387041e+09
1.540224745352051973e+09
1.540224745392024040e+09
1.540224745433182001e+09
1.540224745485430956e+09
1.540224745528090954e+09
1.540224745570538044e+09
1.540224745616611004e+09
1.540224745663114071e+09
1.540224745705374956e+09
1.540224745754075050e+09
1.540224745799452066e+09
1.540224745839365959e+09
1.540224745897114038e+09
1.540224745933705091e+09
1.540224745983894110e+09
1.540224746029232025e+09
1.540224746062666893e+09
1.540224746098140955e+09
1.540224746131484032e+09
1.540224746177735090e+09
1.540224746221129894e+09
1.540224746271836996e+09
1.540224746313546896e+09
1.540224746356581926e+09
1.540224746406526089e+09
1.540224746452070951e+09
1.540224746500569105e+09
1.540224746542944908e+09
1.540224746595763922e+09
1.540224746632591009e+09
1.540224746676695108e+09
1.540224746721110106e+09
1.540224746767116070e+09
1.540224746815052986e+09
1.540224746851411104e+09
1.540224746903321981e+09
1.540224746947179079e+09
1.540224746989314079e+09
1.540224747036148071e+09
1.540224747082737923e+09
1.540224747117820978e+09
1.540224747160546064e+09
1.540224747204490900e+09
1.540224747243544102e+09
1.540224747304127932e+09
1.540224747340543032e+09
1.540224747378638983e+09
1.540224747425328016e+09
1.540224747473913908e+09
1.540224747518999100e+09
1.540224747566476107e+09
1.540224747607601881e+09
1.540224747657244921e+09
1.540224747703668118e+09
1.540224747751202106e+09
1.540224747791225910e+09
1.540224747840843916e+09
1.540224747874587059e+09
1.540224747920424938e+09
1.540224747968413115e+09
1.540224748007075071e+09
1.540224748056516886e+09
1.540224748098843098e+09
1.540224748132414103e+09
1.540224748186372995e+09
1.540224748223877907e+09
1.540224748275996923e+09
1.540224748309314013e+09
1.540224748357183933e+09
1.540224748398447990e+09
1.540224748442512035e+09
1.540224748498266935e+09
1.540224748540208101e+09
1.540224748584755898e+09
1.540224748626904964e+09
1.540224748675462008e+09
1.540224748721184969e+09
1.540224748754709005e+09
1.540224748807178974e+09
1.540224748842845917e+09
1.540224748898401022e+09
1.540224748937413931e+09
1.540224748984441042e+09
1.540224749020334005e+09
1.540224749069278002e+09
1.540224749107388020e+09
1.540224749141237974e+09
1.540224749198896885e+09
1.540224749245137930e+09
1.540224749285520077e+09
1.540224749328737020e+09
1.540224749371366978e+09
1.540224749411778927e+09
1.540224749464529037e+09
1.540224749511055946e+09
1.540224749552974939e+09
1.540224749595793962e+09
1.540224749639864922e+09
1.540224749682914019e+09
1.540224749722641945e+09
1.540224749770590067e+09
1.540224749821660042e+09
1.540224749866259098e+09
1.540224749903800964e+09
1.540224749953358889e+09
1.540224749992677927e+09
1.540224750035209894e+09
1.540224750083287954e+09
1.540224750112972975e+09
1.540224750163490057e+09
1.540224750203982115e+09
1.540224750248987913e+09
1.540224750299689054e+09
1.540224750342591047e+09
1.540224750381244898e+09
1.540224750432527065e+09
1.540224750474729061e+09
1.540224750515522957e+09
1.540224750569263935e+09
1.540224750603590012e+09
1.540224750653594971e+09
1.540224750708177090e+09
1.540224750744803905e+09
1.540224750789650917e+09
1.540224750832227945e+09
1.540224750874838114e+09
1.540224750926501036e+09
1.540224750971662998e+09
1.540224751014307976e+09
1.540224751053431034e+09
1.540224751091120005e+09
1.540224751129534006e+09
1.540224751179044962e+09
1.540224751223421097e+09
1.540224751262510061e+09
1.540224751305298090e+09
1.540224751359839916e+09
1.540224751398796082e+09
1.540224751443662882e+09
1.540224751487833977e+09
1.540224751527028084e+09
1.540224751576375961e+09
1.540224751615355015e+09
1.540224751670694113e+09
1.540224751709892035e+09
1.540224751755448103e+09
1.540224751805622101e+09
1.540224751847289085e+09
1.540224751900746107e+09
1.540224751931288958e+09
1.540224751982245922e+09
1.540224752019727945e+09
1.540224752072253942e+09
1.540224752108755112e+09
1.540224752147948027e+09
1.540224752198905945e+09
1.540224752239053965e+09
1.540224752287885904e+09
1.540224752328259945e+09
1.540224752376090050e+09
1.540224752413897991e+09
1.540224752455728054e+09
1.540224752504612923e+09
1.540224752546192884e+09
1.540224752590712070e+09
1.540224752627759933e+09
1.540224752684542894e+09
1.540224752723993063e+09
1.540224752770373106e+09
1.540224752814698935e+09
1.540224752859853983e+09
1.540224752902731895e+09
1.540224752945874929e+09
1.540224752990634918e+09
1.540224753035972118e+09
1.540224753077158928e+09
1.540224753112786055e+09
1.540224753147543907e+09
1.540224753193437099e+09
1.540224753238957882e+09
1.540224753290132999e+09
1.540224753334487915e+09
1.540224753378276110e+09
1.540224753421495914e+09
1.540224753467979908e+09
1.540224753514174938e+09
1.540224753563452005e+09
1.540224753606739998e+09
1.540224753653665066e+09
1.540224753699038029e+09
1.540224753736728907e+09
1.540224753781708002e+09
1.540224753819614887e+09
1.540224753866168022e+09
1.540224753913027048e+09
1.540224753952792883e+09
1.540224754004039049e+09
1.540224754039149046e+09
1.540224754074249983e+09
1.540224754109040022e+09
1.540224754153865099e+09
1.540224754197175026e+09
1.540224754237392902e+09
1.540224754291116953e+09
1.540224754336740017e+09
1.540224754380215883e+09
1.540224754435861111e+09
1.540224754469324112e+09
1.540224754524529934e+09
1.540224806009609938e+09
1.540224806152631044e+09
1.540224806299202919e+09
1.540224806437143087e+09
1.540224806585755110e+09
1.540224806732604980e+09
1.540224806869683981e+09
1.540224807005760908e+09
1.540224807148530960e+09
1.540224807277659893e+09
1.540224807407499075e+09
1.540224807552994013e+09
1.540224807696508884e+09
1.540224807829833031e+09
1.540224807968487978e+09
1.540224808109797001e+09
1.540224808238744020e+09
1.540224808385330915e+09
1.540224808521128893e+09
1.540224808648684025e+09
1.540224808788305998e+09
1.540224808933279991e+09
1.540224809066646099e+09
1.540224809207813025e+09
1.540224809350924969e+09
1.540224809484556913e+09
1.540224809608374119e+09
1.540224809744420052e+09
1.540224809875720024e+09
1.540224809998069048e+09
1.540224810138052940e+09
1.540224810276284933e+09
1.540224810400585890e+09
1.540224810521049023e+09
1.540224810658090115e+09
1.540224810786990881e+09
1.540224810904378891e+09
1.540224811028743982e+09
1.540224811158057928e+09
1.540224811284322023e+09
1.540224811402370930e+09
1.540224811532536983e+09
1.540224811656523943e+09
1.540224811763449907e+09
1.540224811878192902e+09
1.540224811999536991e+09
1.540224812122483015e+09
1.540224812233079910e+09
1.540224812336179018e+09
1.540224812452150106e+09
1.540224812563925982e+09
1.540224812677454948e+09
1.540224812774082899e+09
1.540224812882009029e+09
1.540224812995222092e+09
1.540224813105828047e+09
1.540224813203855991e+09
1.540224813293088913e+09
1.540224813391388893e+09
1.540224813497565985e+09
1.540224813595258951e+09
1.540224813689730883e+09
1.540224813777141094e+09
1.540224813873336077e+09
1.540224813968545914e+09
1.540224814061305046e+09
1.540224814153059006e+09
1.540224814242435932e+09
1.540224814329138041e+09
1.540224814420407057e+09
1.540224814519495964e+09
1.540224814608541965e+09
1.540224814690428972e+09
1.540224814777301073e+09
1.540224814853164911e+09
1.540224814935754061e+09
1.540224815028978109e+09
1.540224815108468056e+09
1.540224815185627937e+09
1.540224815263984919e+09
1.540224815339128971e+09
1.540224815420218945e+09
1.540224815505582094e+09
1.540224815583960056e+09
1.540224815660041094e+09
1.540224815735079050e+09
1.540224815813844919e+09
1.540224815888025999e+09
1.540224815964560986e+09
1.540224816040788889e+09
1.540224816116230965e+09
1.540224816175864935e+09
1.540224816256582975e+09
1.540224816319005013e+09
1.540224816395276070e+09
1.540224816472517967e+09
1.540224816544239998e+09
1.540224816609962940e+09
1.540224816684741020e+09
1.540224816757261038e+09
1.540224816815776110e+09
1.540224816882039070e+09
1.540224816938916922e+09
1.540224817013612032e+09
1.540224817073308945e+09
1.540224817139514923e+09
1.540224817205543041e+09
1.540224817272845984e+09
1.540224817327683926e+09
1.540224817384094000e+09
1.540224817444726944e+09
1.540224817509860992e+09
1.540224817569159985e+09
1.540224817635082006e+09
1.540224817701261997e+09
1.540224817759916067e+09
1.540224817811683893e+09
1.540224817868216991e+09
1.540224817919331074e+09
1.540224817985634089e+09
1.540224818042282104e+09
1.540224818098321915e+09
1.540224818152142048e+09
1.540224818212058067e+09
1.540224818265043020e+09
1.540224818311285973e+09
1.540224818359894037e+09
1.540224818408884048e+09
1.540224818460391998e+09
1.540224818508616924e+09
1.540224818556835890e+09
1.540224818605591059e+09
1.540224818659507990e+09
1.540224818716286898e+09
1.540224818764226913e+09
1.540224818808343887e+09
1.540224818852242947e+09
1.540224818899293900e+09
1.540224818948342085e+09
1.540224818991520882e+09
1.540224819035988092e+09
1.540224819081013918e+09
1.540224819125289917e+09
1.540224819183908939e+09
1.540224819231853008e+09
1.540224819275635958e+09
1.540224819316952944e+09
1.540224819356534958e+09
1.540224819403922081e+09
1.540224819448234081e+09
1.540224819496299982e+09
1.540224819536215067e+09
1.540224819573431015e+09
1.540224819617017984e+09
1.540224819661207914e+09
1.540224819708360910e+09
1.540224819754219055e+09
1.540224819798378944e+09
1.540224819846803904e+09
1.540224819900558949e+09
1.540224819942692995e+09
1.540224819987684011e+09
1.540224820029769897e+09
1.540224820075112104e+09
1.540224820114034891e+09
1.540224820160022974e+09
1.540224820202260971e+09
1.540224820242609024e+09
1.540224820295051098e+09
1.540224820335730076e+09
1.540224820374475956e+09
1.540224820417154074e+09
1.540224820459592104e+09
1.540224820510134935e+09
1.540224820559708118e+09
1.540224820606970072e+09
1.540224820651001930e+09
1.540224820701404095e+09
1.540224820738955021e+09
1.540224820782075882e+09
1.540224820828610897e+09
1.540224820873198032e+09
1.540224820912002087e+09
1.540224820958174944e+09
1.540224821003180981e+09
1.540224821044130087e+09
1.540224821072799921e+09
1.540224821114725113e+09
1.540224821160484076e+09
1.540224821208947897e+09
1.540224821259665012e+09
1.540224821307106972e+09
1.540224821342243910e+09
1.540224821391861916e+09
1.540224821432787895e+09
1.540224821481226921e+09
1.540224821523292065e+09
1.540224821572510004e+09
1.540224821618585110e+09
1.540224821660106897e+09
1.540224821709651947e+09
1.540224821749670029e+09
1.540224821788882971e+09
1.540224821832731962e+09
1.540224821876617908e+09
1.540224821921753883e+09
1.540224821961150885e+09
1.540224822016396046e+09
1.540224822054235935e+09
1.540224822090717077e+09
1.540224822129954100e+09
1.540224822177252054e+09
1.540224822222959042e+09
1.540224822264627934e+09
1.540224822305334091e+09
1.540224822360850096e+09
1.540224822407021046e+09
1.540224822449366093e+09
1.540224822500726938e+09
1.540224822535988092e+09
1.540224822579830885e+09
1.540224822629798889e+09
1.540224822682986975e+09
1.540224822719176054e+09
1.540224822768306017e+09
1.540224822815784931e+09
1.540224822857371092e+09
1.540224822909082890e+09
1.540224822949852943e+09
1.540224822995589018e+09
1.540224823037704945e+09
1.540224823069612980e+09
1.540224823106195927e+09
1.540224823147250891e+09
1.540224823196729898e+09
1.540224823239094973e+09
1.540224823284944057e+09
1.540224823326488972e+09
1.540224823372934103e+09
1.540224823408833027e+09
1.540224823457607031e+09
1.540224823505139112e+09
1.540224823539932966e+09
1.540224823584830046e+09
1.540224823633606911e+09
1.540224823677417040e+09
1.540224823720796108e+09
1.540224823765921116e+09
1.540224823811079979e+09
1.540224823859389067e+09
1.540224823910046101e+09
1.540224823954438925e+09
1.540224824003535986e+09
1.540224824036636114e+09
1.540224824062901974e+09
1.540224824099497080e+09
1.540224824140074968e+09
1.540224824183722973e+09
1.540224824233433008e+09
1.540224824270024061e+09
1.540224824310400009e+09
1.540224824363502979e+09
1.540224824402944088e+09
1.540224824447330952e+09
1.540224824498507023e+09
1.540224824544728041e+09
1.540224824580223083e+09
1.540224824619905949e+09
1.540224824674145937e+09
1.540224824715395927e+09
1.540224824759371996e+09
1.540224824801896095e+09
1.540224824846489906e+09
1.540224824898396015e+09
1.540224824933753967e+09
1.540224824979738951e+09
1.540224825033759117e+09
1.540224825070453882e+09
1.540224825106481075e+09
1.540224825150173903e+09
1.540224825196835995e+09
1.540224825239119053e+09
1.540224825287122965e+09
1.540224825319355011e+09
1.540224825368918896e+09
1.540224825415046930e+09
1.540224825460800886e+09
1.540224825506062031e+09
1.540224825547647953e+09
1.540224825594929934e+09
1.540224825643790007e+09
1.540224825694228888e+09
1.540224825725159883e+09
1.540224825776235104e+09
1.540224825816085100e+09
1.540224825861342907e+09
1.540224825906806946e+09
1.540224825945374966e+09
1.540224826001821995e+09
1.540224826043078899e+09
1.540224826077630997e+09
1.540224826113919020e+09
1.540224826157166958e+09
1.540224826203480005e+09
1.540224826244225979e+09
1.540224826293709040e+09
1.540224826323071003e+09
1.540224826378393888e+09
1.540224826420963049e+09
1.540224826466928959e+09
1.540224826513422966e+09
1.540224826554995060e+09
1.540224826604353905e+09
1.540224826643589020e+09
1.540224826695408106e+09
1.540224826728188038e+09
1.540224826782663107e+09
1.540224826829986095e+09
1.540224826863599062e+09
1.540224826912034035e+09
1.540224826958688021e+09
1.540224827000612020e+09
1.540224827039074898e+09
1.540224827067898035e+09
1.540224827104429007e+09
1.540224827145714998e+09
1.540224827183870077e+09
1.540224827231726885e+09
1.540224827287353039e+09
1.540224827331320047e+09
1.540224827372880936e+09
1.540224827412424088e+09
1.540224827465301991e+09
1.540224827504334927e+09
1.540224827547262907e+09
1.540224827593966961e+09
1.540224827638170004e+09
1.540224827687009096e+09
1.540224827723759890e+09
1.540224827766251087e+09
1.540224827820605040e+09
1.540224827860043049e+09
1.540224827910619020e+09
1.540224827956892014e+09
1.540224827994820118e+09
1.540224828043075085e+09
1.540224828082827091e+09
1.540224828113034964e+09
1.540224828154617071e+09
1.540224828206144094e+09
1.540224828239343882e+09
1.540224828297738075e+09
1.540224828338423967e+09
1.540224828379223108e+09
1.540224828413898945e+09
1.540224828458312035e+09
1.540224828501586914e+09
1.540224828553217888e+09
1.540224828603487968e+09
1.540224828652687073e+09
1.540224828704344988e+09
1.540224828741302967e+09
1.540224828783621073e+09
1.540224828831710100e+09
1.540224828886871099e+09
1.540224828929299116e+09
1.540224828971872091e+09
1.540224829015695095e+09
1.540224829052094936e+09
1.540224829093317986e+09
1.540224829122615099e+09
1.540224829178226948e+09
1.540224829217015028e+09
1.540224829261920929e+09
1.540224829306338072e+09
1.540224829351891041e+09
1.540224829388045073e+09
1.540224829438196898e+09
1.540224829489986897e+09
1.540224829530937910e+09
1.540224829579082012e+09
1.540224829620878935e+09
1.540224829664510012e+09
1.540224829705081940e+09
1.540224829746464968e+09
1.540224829801176071e+09
1.540224829833698034e+09
1.540224829896579027e+09
1.540224829934588909e+09
1.540224829979149103e+09
1.540224830013984919e+09
1.540224830068311930e+09
1.540224830100961924e+09
1.540224830142680883e+09
1.540224830188535929e+09
1.540224830229402065e+09
1.540224830276504993e+09
1.540224830311578989e+09
1.540224830366209984e+09
1.540224830405342102e+09
1.540224844972889900e+09
1.540224845419177055e+09
1.540224845863218069e+09
1.540224846311536074e+09
1.540224846751605988e+09
1.540224847169686079e+09
1.540224847599601030e+09
1.540224848019891977e+09
1.540224848440598011e+09
1.540224848844480991e+09
1.540224849253257990e+09
1.540224849659620047e+09
1.540224850060079098e+09
1.540224850450001001e+09
1.540224850842062950e+09
1.540224851239828110e+09
1.540224851619124889e+09
1.540224851994492054e+09
1.540224852375241041e+09
1.540224852732605934e+09
1.540224853092669010e+09
1.540224853437885046e+09
1.540224853779795885e+09
1.540224854127094984e+09
1.540224854463407993e+09
1.540224854795824051e+09
1.540224855124391079e+09
1.540224855439223051e+09
1.540224855774408102e+09
1.540224856077122927e+09
1.540224856393826962e+09
1.540224856684362888e+09
1.540224856988507986e+09
1.540224857276645899e+09
1.540224857575515985e+09
1.540224857861618996e+09
1.540224858154253960e+09
1.540224858420078039e+09
1.540224858693707943e+09
1.540224858959461927e+09
1.540224859233057022e+09
1.540224859507759094e+09
1.540224859764271021e+09
1.540224860019653082e+09
1.540224860280338049e+09
1.540224860543879986e+09
1.540224860797938108e+09
1.540224861055358887e+09
1.540224861304816008e+09
1.540224861539146900e+09
1.540224861777426958e+09
1.540224861998311043e+09
1.540224862221729040e+09
1.540224862423048973e+09
1.540224862624109030e+09
1.540224862820617914e+09
1.540224863002896070e+09
1.540224863185384989e+09
1.540224863359602928e+09
1.540224863534638882e+09
1.540224863676284075e+09
1.540224863832242966e+09
1.540224863961050034e+09
1.540224864109600067e+09
1.540224864230138063e+09
1.540224864368812084e+09
1.540224864484453917e+09
1.540224864621053934e+09
1.540224864733140945e+09
1.540224864845568895e+09
1.540224864953011036e+09
1.540224865044661999e+09
1.540224865148607969e+09
1.540224865241969109e+09
1.540224865320527077e+09
1.540224865424025059e+09
1.540224865508852005e+09
1.540224865582561970e+09
1.540224865663197994e+09
1.540224865719873905e+09
1.540224865791223049e+09
1.540224865843327999e+09
1.540224865899266958e+09
1.540224865951472044e+09
1.540224865982892990e+09
1.540224866019829035e+09
1.540224866054817915e+09
1.540224866082695961e+09
1.540224866225207090e+09
1.540224866320498943e+09
1.540224866391432047e+09
1.540224866454153061e+09
1.540224866521290064e+09
1.540224866561077118e+09
1.540224866591646910e+09
1.540224866626492023e+09
1.540224866655113935e+09
1.540224866683943987e+09
1.540224866707317114e+09
1.540224866732230902e+09
1.540224866754781961e+09
1.540224866777779102e+09
1.540224866806699038e+09
1.540224866835777044e+09
1.540224866862813950e+09
1.540224866889753103e+09
1.540224866913552999e+09
1.540224866934516907e+09
1.540224866964098930e+09
1.540224866987446070e+09
1.540224867017225027e+09
1.540224867039705992e+09
1.540224867067589998e+09
1.540224867093727112e+09
1.540224867119034052e+09
1.540224867146078110e+09
1.540224867171708107e+09
1.540224867198863029e+09
1.540224867227591991e+09
1.540224867250538111e+09
1.540224867275692940e+09
1.540224867304925919e+09
1.540224867331903934e+09
1.540224867362076044e+09
1.540224867388319969e+09
1.540224867418613911e+09
1.540224867449253082e+09
1.540224867481617928e+09
1.540224867506764889e+09
1.540224867535758972e+09
1.540224867563555002e+09
1.540224867591223955e+09
1.540224867621275902e+09
1.540224867648447037e+09
1.540224867679594040e+09
1.540224867705126047e+09
1.540224867727122068e+09
1.540224867755350113e+09
1.540224867783443928e+09
1.540224867816596031e+09
1.540224867843761921e+09
1.540224867875997066e+09
1.540224867906243086e+09
1.540224867933393002e+09
1.540224867957434893e+09
1.540224867985934019e+09
1.540224868015208960e+09
1.540224868039868116e+09
1.540224868067706108e+09
1.540224868098639011e+09
1.540224868125458002e+09
1.540224868151655912e+09
1.540224868200917006e+09
1.540224868240377903e+09
1.540224868300165892e+09
1.540224868332488060e+09
1.540224868371176958e+09
1.540224868414730072e+09
1.540224868462994099e+09
1.540224868514434099e+09
1.540224868554439068e+09
1.540224868599631071e+09
1.540224868642546892e+09
1.540224868697165012e+09
1.540224868728653908e+09
1.540224868777781963e+09
1.540224868820790052e+09
1.540224868863029957e+09
1.540224868909750938e+09
1.540224868954514027e+09
1.540224868998923063e+09
1.540224869042824984e+09
1.540224869072371006e+09
1.540224869106992960e+09
1.540224869148019075e+09
1.540224869202023983e+09
1.540224869246829033e+09
1.540224869294709921e+09
1.540224869333115101e+09
1.540224869382916927e+09
1.540224869427774906e+09
1.540224869468348980e+09
1.540224869510837078e+09
1.540224869561388016e+09
1.540224869604850054e+09
1.540224869645962000e+09
1.540224869698627949e+09
1.540224869738102913e+09
1.540224869783930063e+09
1.540224869821707964e+09
1.540224869874453068e+09
1.540224869912159920e+09
1.540224869967951059e+09
1.540224870013938904e+09
1.540224870064661980e+09
1.540224870101640940e+09
1.540224870136022091e+09
1.540224870188931942e+09
1.540224870226958036e+09
1.540224870276724100e+09
1.540224870313708067e+09
1.540224870360095978e+09
1.540224870405088902e+09
1.540224870442570925e+09
1.540224870498284101e+09
1.540224870538079023e+09
1.540224870584875107e+09
1.540224870624886036e+09
1.540224870665745020e+09
1.540224870715862036e+09
1.540224870757513046e+09
1.540224870803859949e+09
1.540224870848757029e+09
1.540224870896558046e+09
1.540224870930692911e+09
1.540224870983187914e+09
1.540224871028263092e+09
1.540224871069617987e+09
1.540224871111330032e+09
1.540224871142008066e+09
1.540224871196577072e+09
1.540224871234707117e+09
1.540224871278130054e+09
1.540224871327697039e+09
1.540224871378029108e+09
1.540224871418539047e+09
1.540224871463701963e+09
1.540224871505949020e+09
1.540224871556806087e+09
1.540224871599905014e+09
1.540224871643444061e+09
1.540224871686309099e+09
1.540224871737884045e+09
1.540224871781117916e+09
1.540224871818865061e+09
1.540224871867343903e+09
1.540224871909895897e+09
1.540224871955729961e+09
1.540224872007040024e+09
1.540224872051098108e+09
1.540224872087301016e+09
1.540224872127245903e+09
1.540224872179641962e+09
1.540224872226680040e+09
1.540224872260128021e+09
1.540224872312271118e+09
1.540224872356869936e+09
1.540224872392457962e+09
1.540224872442197084e+09
1.540224872497344971e+09
1.540224872531016111e+09
1.540224872578792095e+09
1.540224872617959976e+09
1.540224872668836117e+09
1.540224872708575010e+09
1.540224872752165079e+09
1.540224872792081118e+09
1.540224872831799030e+09
1.540224872885986090e+09
1.540224872957165956e+09
1.540224872990765095e+09
1.540224873033184052e+09
1.540224873083955050e+09
1.540224873110321999e+09
1.540224873166418076e+09
1.540224873202507973e+09
1.540224873248646975e+09
1.540224873301552057e+09
1.540224873340044975e+09
1.540224873387020111e+09
1.540224873437828064e+09
1.540224873479690075e+09
1.540224873517230034e+09
1.540224873563512087e+09
1.540224873609606981e+09
1.540224873654292107e+09
1.540224873701258898e+09
1.540224873735925913e+09
1.540224873785633087e+09
1.540224873834099054e+09
1.540224873873204947e+09
1.540224873923302889e+09
1.540224873971436024e+09
1.540224874014043093e+09
1.540224874059082031e+09
1.540224874103111982e+09
1.540224874135313034e+09
1.540224874184891939e+09
1.540224874225805998e+09
1.540224874275077105e+09
1.540224874314656973e+09
1.540224874365664005e+09
1.540224874405416965e+09
1.540224874456410885e+09
1.540224874507916927e+09
1.540224874541568995e+09
1.540224874585247040e+09
1.540224874628344059e+09
1.540224874675045967e+09
1.540224874730521917e+09
1.540224874763899088e+09
1.540224874809377909e+09
1.540224874856338024e+09
1.540224874910260916e+09
1.540224874950234890e+09
1.540224874991203070e+09
1.540224875031267881e+09
1.540224875083877087e+09
1.540224875113317013e+09
1.540224875161748886e+09
1.540224875206823111e+09
1.540224875255665064e+09
1.540224875307863951e+09
1.540224875343962908e+09
1.540224875388753891e+09
1.540224875432225943e+09
1.540224875483895063e+09
1.540224875517029047e+09
1.540224875570867062e+09
1.540224875613965988e+09
1.540224875656445980e+09
1.540224875708007097e+09
1.540224875747428894e+09
1.540224875797766924e+09
1.540224875838999987e+09
1.540224875886081934e+09
1.540224875921521902e+09
1.540224875972481966e+09
1.540224876020013094e+09
1.540224876063601971e+09
1.540224876103332043e+09
1.540224876138958931e+09
1.540224876187437057e+09
1.540224876232410908e+09
1.540224876273067951e+09
1.540224876312845945e+09
1.540224876360069990e+09
1.540224876403876066e+09
1.540224876451301098e+09
1.540224876506324053e+09
1.540224876540431976e+09
1.540224876584371090e+09
1.540224876622843027e+09
1.540224876674038887e+09
1.540224876716921091e+09
1.540224876762273073e+09
1.540224876801364899e+09
1.540224876845355034e+09
1.540224876902745962e+09
1.540224876933763027e+09
1.540224876977571011e+09
1.540224877021008968e+09
1.540224877067008018e+09
1.540224877104098082e+09
1.540224877134962082e+09
1.540224877189732075e+09
1.540224877234198093e+09
1.540224877277101994e+09
1.540224877327280998e+09
1.540224877373059988e+09
1.540224877413424969e+09
1.540224877459831953e+09
1.540224877507246017e+09
1.540224877557600975e+09
1.540224877598831892e+09
1.540224877645545006e+09
1.540224877685127020e+09
1.540224877735505104e+09
1.540224877789294958e+09
1.540224877819051027e+09
1.540224877866219997e+09
1.540224877907572985e+09
1.540224877952955961e+09
1.540224877996682882e+09
1.540224878043111086e+09
1.540224878073220968e+09
1.540224878108999014e+09
1.540224878150872946e+09
1.540224878196023941e+09
1.540224878245909929e+09
1.540224878284419060e+09
1.540224878329411030e+09
1.540224878370276928e+09
1.540224878419485092e+09
1.540224878459938049e+09
1.540224878506360054e+09
1.540224878551235914e+09
1.540224878592581987e+09
1.540224878645287991e+09
1.540224878678694963e+09
1.540224878726982117e+09
1.540224878774154902e+09
1.540224878817518950e+09
1.540224878861341000e+09
1.540224878903758049e+09
1.540224878951765060e+09
1.540224879002106905e+09
1.540224879043185949e+09
1.540224879076246023e+09
1.540224879112592936e+09
1.540224953350728989e+09
1.540224953597690105e+09
1.540224953844089031e+09
1.540224954095279932e+09
1.540224954343875885e+09
1.540224954590780020e+09
1.540224954835305929e+09
1.540224955077372074e+09
1.540224955323481083e+09
1.540224955577403069e+09
1.540224955820799112e+09
1.540224956063744068e+09
1.540224956298351049e+09
1.540224956527174950e+09
1.540224956764832020e+09
1.540224957000015974e+09
1.540224957241697073e+09
1.540224957472599030e+09
1.540224957685014963e+09
1.540224957915813923e+09
1.540224958149987936e+09
1.540224958373047113e+09
1.540224958587223053e+09
1.540224958821185112e+09
1.540224959044075966e+09
1.540224959261269093e+09
1.540224959471617937e+09
1.540224959698388100e+09
1.540224959913861036e+09
1.540224960123471022e+09
1.540224960341321945e+09
1.540224960541202068e+09
1.540224960748011112e+09
1.540224960948434114e+09
1.540224961152719975e+09
1.540224961357203007e+09
1.540224961560491085e+09
1.540224961759351015e+09
1.540224961960170031e+09
1.540224962150377035e+09
1.540224962350768089e+09
1.540224962551173925e+09
1.540224962747215033e+09
1.540224962940126896e+09
1.540224963117669106e+09
1.540224963286847115e+09
1.540224963470438957e+09
1.540224963638041019e+09
1.540224963812828064e+09
1.540224963986808062e+09
1.540224964159799099e+09
1.540224964330888987e+09
1.540224964493350983e+09
1.540224964648490906e+09
1.540224964770083904e+09
1.540224964857044935e+09
1.540224964958980083e+09
1.540224965014504910e+09
1.540224965092212915e+09
1.540224965219832897e+09
1.540224965331496954e+09
1.540224965422652960e+09
1.540224965514890909e+09
1.540224965592092991e+09
1.540224965639525890e+09
1.540224965672311068e+09
1.540224965698096991e+09
1.540224965721816063e+09
1.540224965746882915e+09
1.540224965770328999e+09
1.540224965803041935e+09
1.540224965829947948e+09
1.540224965858273983e+09
1.540224965887490988e+09
1.540224965909993887e+09
1.540224965938747883e+09
1.540224965962416887e+09
1.540224965986499071e+09
1.540224966010679007e+09
1.540224966042818069e+09
1.540224966068375111e+09
1.540224966095118046e+09
1.540224966123019934e+09
1.540224966145656109e+09
1.540224966171705008e+09
1.540224966199815035e+09
1.540224966230391979e+09
1.540224966258425951e+09
1.540224966296262026e+09
1.540224966324933052e+09
1.540224966351619959e+09
1.540224966384291887e+09
1.540224966407608986e+09
1.540224966436945915e+09
1.540224966460577965e+09
1.540224966486540079e+09
1.540224966513412952e+09
1.540224966543206930e+09
1.540224966571640015e+09
1.540224966596244097e+09
1.540224966619858980e+09
1.540224966644470930e+09
1.540224966671287060e+09
1.540224966699619055e+09
1.540224966725531101e+09
1.540224966754642963e+09
1.540224966783535004e+09
1.540224966816004038e+09
1.540224966847997904e+09
1.540224966876280069e+09
1.540224966910285950e+09
1.540224966938231945e+09
1.540224966971844912e+09
1.540224966997536898e+09
1.540224967019798040e+09
1.540224967051973104e+09
1.540224967083319902e+09
1.540224967109153032e+09
1.540224967132849932e+09
1.540224967157426119e+09
1.540224967178287983e+09
1.540224967199810028e+09
1.540224967224582911e+09
1.540224967246109009e+09
1.540224967275243044e+09
1.540224967305504084e+09
1.540224967329987049e+09
1.540224967355401993e+09
1.540224967388894081e+09
1.540224967421013117e+09
1.540224967449059010e+09
1.540224967484344959e+09
1.540224967509183884e+09
1.540224967533444881e+09
1.540224967564577103e+09
1.540224967592096090e+09
1.540224967617500067e+09
1.540224967640389919e+09
1.540224967667095900e+09
1.540224967704782009e+09
1.540224967735107899e+09
1.540224967768497944e+09
1.540224967799839973e+09
1.540224967834058046e+09
1.540224967876869917e+09
1.540224967921479940e+09
1.540224967968869925e+09
1.540224968018009901e+09
1.540224968058199883e+09
1.540224968096204042e+09
1.540224968133372068e+09
1.540224968174779892e+09
1.540224968220165968e+09
1.540224968264002085e+09
1.540224968307189941e+09
1.540224968360102892e+09
1.540224968402142048e+09
1.540224968439754963e+09
1.540224968499913931e+09
1.540224968540524006e+09
1.540224968577413082e+09
1.540224968620748997e+09
1.540224968669713974e+09
1.540224968710210085e+09
1.540224968752098083e+09
1.540224968802277088e+09
1.540224968841536045e+09
1.540224968897461891e+09
1.540224968936510086e+09
1.540224968973301888e+09
1.540224969029489994e+09
1.540224969069760084e+09
1.540224969108906031e+09
1.540224969150228977e+09
1.540224969196394920e+09
1.540224969237711906e+09
1.540224969294863939e+09
1.540224969331651926e+09
1.540224969378453016e+09
1.540224969416821003e+09
1.540224969462907076e+09
1.540224969508203030e+09
1.540224969551767111e+09
1.540224969591902018e+09
1.540224969641604900e+09
1.540224969688843012e+09
1.540224969736114025e+09
1.540224969781388044e+09
1.540224969818809986e+09
1.540224969869119883e+09
1.540224969910043001e+09
1.540224969954675913e+09
1.540224969997565031e+09
1.540224970047163010e+09
1.540224970083806038e+09
1.540224970121119022e+09
1.540224970161942005e+09
1.540224970207402945e+09
1.540224970248836994e+09
1.540224970300781965e+09
1.540224970337155104e+09
1.540224970378802061e+09
1.540224970423013926e+09
1.540224970475435019e+09
1.540224970521833897e+09
1.540224970562536955e+09
1.540224970615048885e+09
1.540224970661780119e+09
1.540224970708177090e+09
1.540224970745887041e+09
1.540224970794269085e+09
1.540224970839637041e+09
1.540224970886805058e+09
1.540224970924251080e+09
1.540224970974512100e+09
1.540224971016093016e+09
1.540224971062042952e+09
1.540224971102732897e+09
1.540224971146166086e+09
1.540224971189980984e+09
1.540224971229569912e+09
1.540224971279212952e+09
1.540224971323335886e+09
1.540224971368021011e+09
1.540224971410449982e+09
1.540224971461249113e+09
1.540224971507477999e+09
1.540224971546911955e+09
1.540224971592592001e+09
1.540224971636995077e+09
1.540224971687603951e+09
1.540224971723433971e+09
1.540224971774029970e+09
1.540224971811717987e+09
1.540224971854253054e+09
1.540224971903898001e+09
1.540224971942950964e+09
1.540224971985526085e+09
1.540224972037744999e+09
1.540224972088054895e+09
1.540224972111978054e+09
1.540224972162749052e+09
1.540224972200382948e+09
1.540224972250761986e+09
1.540224972309838057e+09
1.540224972348396063e+09
1.540224972386991024e+09
1.540224972427959919e+09
1.540224972476250887e+09
1.540224972516417980e+09
1.540224972558614969e+09
1.540224972603384972e+09
1.540224972656146049e+09
1.540224972703247070e+09
1.540224972734882116e+09
1.540224972783181906e+09
1.540224972832901001e+09
1.540224972882409096e+09
1.540224972920384884e+09
1.540224972962589979e+09
1.540224973006529093e+09
1.540224973056260109e+09
1.540224973083944082e+09
1.540224973129278898e+09
1.540224973181097984e+09
1.540224973218074083e+09
1.540224973268079996e+09
1.540224973309976101e+09
1.540224973354263067e+09
1.540224973399264097e+09
1.540224973443006992e+09
1.540224973488945961e+09
1.540224973529350042e+09
1.540224973571018934e+09
1.540224973613074064e+09
1.540224973664449930e+09
1.540224973710907936e+09
1.540224973748032093e+09
1.540224973795391083e+09
1.540224973846604109e+09
1.540224973890391111e+09
1.540224973930779934e+09
1.540224973976068974e+09
1.540224974010554075e+09
1.540224974061446905e+09
1.540224974104295969e+09
1.540224974146401882e+09
1.540224974177237034e+09
1.540224974232067108e+09
1.540224974273328066e+09
1.540224974312757969e+09
1.540224974365171909e+09
1.540224974403476000e+09
1.540224974453371048e+09
1.540224974500478983e+09
1.540224974545520067e+09
1.540224974593717098e+09
1.540224974632569075e+09
1.540224974680994987e+09
1.540224974727380991e+09
1.540224974771231890e+09
1.540224974812906027e+09
1.540224974854182005e+09
1.540224974907449961e+09
1.540224974945728064e+09
1.540224974995172024e+09
1.540224975034887075e+09
1.540224975074892044e+09
1.540224975109359980e+09
1.540224975141017914e+09
1.540224975196681023e+09
1.540224975240451097e+09
1.540224975291850090e+09
1.540224975338510990e+09
1.540224975374835014e+09
1.540224975419250965e+09
1.540224975464199066e+09
1.540224975510298967e+09
1.540224975564512014e+09
1.540224975599782944e+09
1.540224975651015043e+09
1.540224975695481062e+09
1.540224975733362913e+09
1.540224975783955097e+09
1.540224975828483105e+09
1.540224975870805979e+09
1.540224975910706043e+09
1.540224975951288939e+09
1.540224975995260000e+09
1.540224976038621902e+09
1.540224976097640991e+09
1.540224976133569002e+09
1.540224976170039892e+09
1.540224976219052076e+09
1.540224976264375925e+09
1.540224976303927898e+09
1.540224976354533911e+09
1.540224976399503946e+09
1.540224976441310883e+09
1.540224976487076044e+09
1.540224976525696993e+09
1.540224976574429989e+09
1.540224976620872021e+09
1.540224976666738033e+09
1.540224976709372044e+09
1.540224976754100084e+09
1.540224976799938917e+09
1.540224976843631029e+09
1.540224976897499084e+09
1.540224976938756943e+09
1.540224976987999916e+09
1.540224977025379896e+09
1.540224977072205067e+09
1.540224977107325077e+09
1.540224977153445005e+09
1.540224977192655087e+09
1.540224977238553047e+09
1.540224977292898893e+09
1.540224977323731899e+09
1.540224977371320963e+09
1.540224977419773102e+09
1.540224977463453054e+09
1.540224977509776115e+09
1.540224977542011976e+09
1.540224977594130039e+09
1.540224977640089989e+09
1.540224977676882029e+09
1.540224977719530106e+09
1.540224977771608114e+09
1.540224977817132950e+09
1.540224977859874010e+09
1.540224977902750015e+09
1.540224977940952063e+09
1.540224977993875980e+09
1.540224978032481909e+09
1.540224978056989908e+09
1.540224978098593950e+09
1.540224978130410910e+09
1.540224978176928997e+09
1.540224978217397928e+09
1.540224978262681961e+09
1.540224978314774990e+09
1.540224978356437922e+09
1.540224978393361092e+09
1.540224978445557117e+09
1.540224978499989986e+09
1.540224978534678936e+09
1.540224978578852892e+09
1.540224978633295059e+09
1.540224978671508074e+09
1.540224978712521076e+09
1.540224978763673067e+09
1.540224978809264898e+09
1.540224978851227999e+09
1.540224978899980068e+09
1.540224978942958117e+09
1.540224978984327078e+09
1.540224979034153938e+09
1.540224979069197893e+09
1.540224979100421906e+09
1.540231996977623940e+09
1.540231997231920004e+09
1.540231997478945017e+09
1.540231997731148005e+09
1.540231997974104881e+09
1.540231998213351965e+09
1.540231998446530104e+09
1.540231998685499907e+09
1.540231998930406094e+09
1.540231999167129040e+09
1.540231999416520119e+09
1.540231999643244982e+09
1.540231999881427050e+09
1.540232000114088058e+09
1.540232000357816935e+09
1.540232000604006052e+09
1.540232000840249062e+09
1.540232001065474033e+09
1.540232001300139904e+09
1.540232001537199020e+09
1.540232001774301052e+09
1.540232002004924059e+09
1.540232002225300074e+09
1.540232002461848021e+09
1.540232002702223063e+09
1.540232002940639973e+09
1.540232003162343025e+09
1.540232003382149935e+09
1.540232003605642080e+09
1.540232003835123062e+09
1.540232004051978111e+09
1.540232004273879051e+09
1.540232004487880945e+09
1.540232004691711903e+09
1.540232004901655912e+09
1.540232005112799883e+09
1.540232005333914995e+09
1.540232005554642916e+09
1.540232005767293930e+09
1.540232005985707045e+09
1.540232006204232931e+09
1.540232006414244890e+09
1.540232006621769905e+09
1.540232006833364010e+09
1.540232007036235094e+09
1.540232007232698917e+09
1.540232007425451040e+09
1.540232007619287968e+09
1.540232007804405928e+09
1.540232007977494001e+09
1.540232008148508072e+09
1.540232008299580097e+09
1.540232008386915922e+09
1.540232008450812101e+09
1.540232008577698946e+09
1.540232008666930914e+09
1.540232008714788914e+09
1.540232008746867895e+09
1.540232008775686026e+09
1.540232008799335003e+09
1.540232008827797890e+09
1.540232008861527920e+09
1.540232008893306971e+09
1.540232008922126055e+09
1.540232008950555086e+09
1.540232008982326984e+09
1.540232009014105082e+09
1.540232009045617104e+09
1.540232009073255062e+09
1.540232009101546049e+09
1.540232009131053925e+09
1.540232009158236980e+09
1.540232009181664944e+09
1.540232009210489035e+09
1.540232009238645077e+09
1.540232009266674042e+09
1.540232009294971943e+09
1.540232009325223923e+09
1.540232009353216887e+09
1.540232009381735086e+09
1.540232009410346031e+09
1.540232009437786102e+09
1.540232009465958118e+09
1.540232009497133017e+09
1.540232009525506973e+09
1.540232009552596092e+09
1.540232009578063965e+09
1.540232009606601954e+09
1.540232009633428097e+09
1.540232009666646004e+09
1.540232009693937063e+09
1.540232009719415903e+09
1.540232009738770008e+09
1.540232009766967058e+09
1.540232009794667959e+09
1.540232009820839882e+09
1.540232009853914022e+09
1.540232009885664940e+09
1.540232009914807081e+09
1.540232009936734915e+09
1.540232009961853981e+09
1.540232009990237951e+09
1.540232010013906956e+09
1.540232010046268940e+09
1.540232010073868036e+09
1.540232010105793953e+09
1.540232010133748055e+09
1.540232010165374994e+09
1.540232010194798946e+09
1.540232010222980022e+09
1.540232010250456095e+09
1.540232010274152040e+09
1.540232010306257963e+09
1.540232010334606886e+09
1.540232010359807014e+09
1.540232010388569117e+09
1.540232010414251089e+09
1.540232010442648888e+09
1.540232010469666958e+09
1.540232010498128891e+09
1.540232010525125027e+09
1.540232010550060987e+09
1.540232010577810049e+09
1.540232010607122898e+09
1.540232010629888058e+09
1.540232010658310890e+09
1.540232010686808109e+09
1.540232010713992119e+09
1.540232010750008106e+09
1.540232010786540031e+09
1.540232010815699100e+09
1.540232010848650932e+09
1.540232010881632090e+09
1.540232010909913063e+09
1.540232010935844898e+09
1.540232010965564966e+09
1.540232011007692099e+09
1.540232011037033081e+09
1.540232011059547901e+09
1.540232011083255053e+09
1.540232011116126060e+09
1.540232011149956942e+09
1.540232011175632954e+09
1.540232011210608006e+09
1.540232011239232063e+09
1.540232011276058912e+09
1.540232011307667017e+09
1.540232011343868017e+09
1.540232011379594088e+09
1.540232011420782089e+09
1.540232011452095032e+09
1.540232011483113050e+09
1.540232011509931087e+09
1.540232011543952942e+09
1.540232011567537069e+09
1.540232011606197119e+09
1.540232011638134003e+09
1.540232011667344093e+09
1.540232011704099894e+09
1.540232011731503010e+09
1.540232011767596960e+09
1.540232011809206009e+09
1.540232011847774029e+09
1.540232011879317999e+09
1.540232011912821054e+09
1.540232011949203968e+09
1.540232011981399059e+09
1.540232012017720938e+09
1.540232012048532009e+09
1.540232012086632967e+09
1.540232012115354061e+09
1.540232012151748896e+09
1.540232012188957930e+09
1.540232012220813990e+09
1.540232012261848927e+09
1.540232012294004917e+09
1.540232012330001116e+09
1.540232012366204977e+09
1.540232012403256893e+09
1.540232012443392992e+09
1.540232012477478981e+09
1.540232012506567001e+09
1.540232012539257050e+09
1.540232012568218946e+09
1.540232012610697031e+09
1.540232012650295973e+09
1.540232012689532995e+09
1.540232012726325035e+09
1.540232012764477015e+09
1.540232012806799889e+09
1.540232012841897964e+09
1.540232012878112078e+09
1.540232012912592888e+09
1.540232012950125933e+09
1.540232012987328053e+09
1.540232013021500111e+09
1.540232013058769941e+09
1.540232013090718985e+09
1.540232013123837948e+09
1.540232013159225941e+09
1.540232013204617023e+09
1.540232013244225979e+09
1.540232013274169922e+09
1.540232013312928915e+09
1.540232013351274014e+09
1.540232013390917063e+09
1.540232013427772045e+09
1.540232013470700979e+09
1.540232013507944107e+09
1.540232013544899940e+09
1.540232013586886883e+09
1.540232013626169920e+09
1.540232013662045956e+09
1.540232013701822996e+09
1.540232013733093977e+09
1.540232013767996073e+09
1.540232013814739943e+09
1.540232013856188059e+09
1.540232013892909050e+09
1.540232013928360939e+09
1.540232013967895031e+09
1.540232014011888981e+09
1.540232014047384024e+09
1.540232014082994938e+09
1.540232014123883009e+09
1.540232014165517092e+09
1.540232014212111950e+09
1.540232014246606112e+09
1.540232014283684015e+09
1.540232014324414015e+09
1.540232014361555099e+09
1.540232014407596111e+09
1.540232014450778008e+09
1.540232014490041971e+09
1.540232014521262884e+09
1.540232014558904886e+09
1.540232014602863073e+09
1.540232014639691114e+09
1.540232014678272009e+09
1.540232014716566086e+09
1.540232014753396034e+09
1.540232014798866987e+09
1.540232014833074093e+09
1.540232014862643957e+09
1.540232014894013882e+09
1.540232014928253889e+09
1.540232014965008974e+09
1.540232015013751984e+09
1.540232015052073956e+09
1.540232015087304115e+09
1.540232015127155066e+09
1.540232015166440964e+09
1.540232015206048012e+09
1.540232015233254910e+09
1.540232015275544882e+09
1.540232015318207026e+09
1.540232015348053932e+09
1.540232015389838934e+09
1.540232015427022934e+09
1.540232015469734907e+09
1.540232015501389980e+09
1.540232015528454065e+09
1.540232015566276073e+09
1.540232015606105089e+09
1.540232015644362926e+09
1.540232015673027992e+09
1.540232015715042114e+09
1.540232015754784107e+09
1.540232015803083897e+09
1.540232015845608950e+09
1.540232015886120081e+09
1.540232015932461023e+09
1.540232015978418112e+09
1.540232016018285036e+09
1.540232016065588951e+09
1.540232016101897955e+09
1.540232016139825106e+09
1.540232016190174103e+09
1.540232016222604036e+09
1.540232016270328999e+09
1.540232016315836906e+09
1.540232016359949112e+09
1.540232016407680988e+09
1.540232016447768927e+09
1.540232016488938093e+09
1.540232016533760071e+09
1.540232016582010984e+09
1.540232016623847008e+09
1.540232016665229082e+09
1.540232016711971045e+09
1.540232016752948046e+09
1.540232016802036047e+09
1.540232016842497110e+09
1.540232016888145924e+09
1.540232016935184956e+09
1.540232016981781006e+09
1.540232017017054081e+09
1.540232017066348076e+09
1.540232017103142023e+09
1.540232017147437096e+09
1.540232017195995092e+09
1.540232017240067959e+09
1.540232017284638882e+09
1.540232017322963953e+09
1.540232017380004883e+09
1.540232017429146051e+09
1.540232017458262920e+09
1.540232017516484976e+09
1.540232017554163933e+09
1.540232017605389118e+09
1.540232017645848036e+09
1.540232017692312002e+09
1.540232017736974001e+09
1.540232017780581951e+09
1.540232017814763069e+09
1.540232017868858099e+09
1.540232017916659117e+09
1.540232017955679893e+09
1.540232018009394884e+09
1.540232018049861908e+09
1.540232018083445072e+09
1.540232018120759010e+09
1.540232018165827990e+09
1.540232018212730885e+09
1.540232018256498098e+09
1.540232018306453943e+09
1.540232018360434055e+09
1.540232018407080889e+09
1.540232018441577911e+09
1.540232018488679886e+09
1.540232018528060913e+09
1.540232018570491076e+09
1.540232018614871979e+09
1.540232018656577110e+09
1.540232018702848911e+09
1.540232018745372057e+09
1.540232018802978992e+09
1.540232018843672991e+09
1.540232018891288996e+09
1.540232018931749105e+09
1.540232018973651886e+09
1.540232019015939951e+09
1.540232019062515974e+09
1.540232019093956947e+09
1.540232019138293982e+09
1.540232019188848972e+09
1.540232019234798908e+09
1.540232019286195040e+09
1.540232019332638025e+09
1.540232019376564980e+09
1.540232019425206900e+09
1.540232019462742090e+09
1.540232019509736061e+09
1.540232019563627958e+09
1.540232019610306978e+09
1.540232019652777910e+09
1.540232019699104071e+09
1.540232019747617960e+09
1.540232019791074038e+09
1.540232019828764915e+09
1.540232019873519897e+09
1.540232019915625095e+09
1.540232019965926886e+09
1.540232020008552074e+09
1.540232020049532890e+09
1.540232020076546907e+09
1.540232020124969959e+09
1.540232020171335936e+09
1.540232020219814062e+09
1.540232020257385015e+09
1.540232020308823109e+09
1.540232020349745035e+09
1.540232020397281885e+09
1.540232020437755108e+09
1.540232020478221893e+09
1.540232020528187037e+09
1.540232020566880941e+09
1.540232020614964962e+09
1.540232020657991886e+09
1.540232020704641104e+09
1.540232020744411945e+09
1.540232020791516066e+09
1.540232020842535019e+09
1.540232020882973909e+09
1.540232020923118114e+09
1.540232020967933893e+09
1.540232021013645887e+09
1.540232021057012081e+09
1.540232021087337971e+09
1.540232021129942894e+09
1.540232021178287029e+09
1.540232021220521927e+09
1.540232021268819094e+09
1.540232021314595938e+09
1.540232021361825943e+09
1.540232021403148890e+09
1.540232021448890924e+09
1.540232021496619940e+09
1.540232021533920050e+09
1.540232021578587055e+09
